# -34.0286 -93.7453 7.33949 255 248 220 
# 64.4012 -52.1958 55.9292 255 248 220 
# -28.9148 79.0791 -53.9484 255 248 220 
# 57.4136 -59.6791 56.0543 255 248 220 
# -20.0944 -68.8952 -69.6395 255 248 220 
# 67.28 -25.8518 -69.3188 255 248 220 
# -4.47663 -93.5118 35.1498 255 248 220 
# -91.9851 22.0435 32.4472 255 248 220 
# 26.5423 63.2067 -72.8039 255 248 220 
# -70.9607 32.3997 62.5686 255 248 220 
# 91.0178 22.332 -34.8861 255 248 220 
# -25.0496 28.0275 92.6659 255 248 220 
# -68.8666 -53.9501 -48.4436 255 248 220 
# -16.5553 77.6981 60.7366 255 248 220 
# -22.1399 96.9095 -10.8802 255 248 220 
# 61.7624 45.2924 -64.2962 255 248 220 
# 19.9003 33.4908 -92.0996 255 248 220 
# -0.422923 -60.6471 -79.5094 255 248 220 
# 29.9909 42.1747 -85.5678 255 248 220 
# -58.354 81.2067 -0.531457 255 248 220 
# -62.2877 -13.1919 -77.1117 255 248 220 
# -68.3418 -11.9884 -72.0117 255 248 220 
# 94.6751 -7.15714 31.391 255 248 220 
# 35.8523 93.3079 -2.87278 255 248 220 
# 38.0168 -81.8168 43.1363 255 248 220 
# -76.6263 8.63787 -63.6695 255 248 220 
# -4.94297 -94.9462 -30.9965 255 248 220 
# 76.8971 62.8316 -11.7914 255 248 220 
# -95.2748 29.8833 5.4493 255 248 220 
# -23.892 -84.7079 47.4737 255 248 220 
# 92.4959 -36.4316 10.8283 255 248 220 
# -67.4896 41.1265 61.2679 255 248 220 
# -48.6727 -75.867 43.3031 255 248 220 
# 1.72644 96.0169 -27.8887 255 248 220 
# -62.7822 -30.6052 -71.5662 255 248 220 
# 8.24672 92.1571 -37.9349 255 248 220 
# 98.8127 -14.6625 -4.59001 255 248 220 
# -9.86557 -81.9672 -56.4274 255 248 220 
# 35.2802 81.7015 -45.6089 255 248 220 
# 22.4926 70.7012 67.0479 255 248 220 
# 43.6997 82.1224 36.6912 255 248 220 
# -41.7074 -58.2252 -69.7877 255 248 220 
# -26.7068 78.0091 -56.5803 255 248 220 
# -99.0265 -13.7212 -2.34005 255 248 220 
# 26.0366 -95.0818 16.7791 255 248 220 
# -22.9105 -0.237414 -97.3399 255 248 220 
# 67.1552 67.7095 30.0931 255 248 220 
# -78.1536 62.0035 -6.89829 255 248 220 
# 6.13994 53.359 84.3511 255 248 220 
# -55.5505 -80.7322 19.9112 255 248 220 
# 66.3654 -13.5293 73.5703 255 248 220 
# -10.9411 -74.2429 66.093 255 248 220 
# 54.1448 -67.1604 -50.5748 255 248 220 
# -8.18649 49.119 -86.7197 255 248 220 
# -67.7242 -64.3554 -35.6626 255 248 220 
# -60.6291 68.3725 40.6116 255 248 220 
# -42.7389 74.748 50.8539 255 248 220 
# 29.0157 44.9026 84.5095 255 248 220 
# -64.2918 -52.428 55.8379 255 248 220 
# -10.5359 59.7878 79.4633 255 248 220 
# -51.2496 47.9432 -71.2385 255 248 220 
# -96.9494 4.30886 -24.1296 255 248 220 
# 81.5368 -10.9401 56.8513 255 248 220 
# 78.1634 -46.9603 -41.0513 255 248 220 
# -18.8687 -57.4019 79.6806 255 248 220 
# 67.126 -23.5487 -70.282 255 248 220 
# -83.0538 55.5595 3.90058 255 248 220 
# 6.46668 -94.3697 32.443 255 248 220 
# 44.3334 63.5174 63.2463 255 248 220 
# 70.4415 66.2568 25.4566 255 248 220 
# 60.0733 -57.9363 -55.087 255 248 220 
# -63.2001 -69.8831 33.4977 255 248 220 
# 76.7454 37.6348 51.9015 255 248 220 
# -57.8475 -71.8777 38.565 255 248 220 
# 57.2164 -35.0909 -74.1277 255 248 220 
# -45.1374 19.5189 87.0725 255 248 220 
# -61.6381 14.6975 -77.361 255 248 220 
# -21.4005 17.9264 -96.0243 255 248 220 
# 26.0854 -86.7865 -42.2806 255 248 220 
# 13.45 88.8914 -43.7884 255 248 220 
# 90.8525 -36.8882 19.6234 255 248 220 
# -68.2432 71.4467 -15.4348 255 248 220 
# -63.6272 -71.517 28.9292 255 248 220 
# -10.218 45.2334 -88.5976 255 248 220 
# 36.4505 -79.0617 -49.1997 255 248 220 
# 25.889 83.2081 49.0528 255 248 220 
# 67.8773 7.18334 -73.0826 255 248 220 
# 29.9469 -44.404 -84.448 255 248 220 
# -67.9302 -45.5988 57.4999 255 248 220 
# -48.8785 -65.9781 57.077 255 248 220 
# 51.573 57.0408 -63.9262 255 248 220 
# 18.3253 -4.99782 98.1794 255 248 220 
# -43.6948 57.1839 -69.4317 255 248 220 
# -73.5011 14.9532 66.1361 255 248 220 
# 60.0754 -7.35617 79.6042 255 248 220 
# 47.2438 41.5057 77.7515 255 248 220 
# -79.8961 24.0614 55.115 255 248 220 
# -62.2617 -78.2424 1.2658 255 248 220 
# 56.3742 -16.3612 80.9584 255 248 220 
# -37.434 5.58716 92.5607 255 248 220 
# 60.0501 78.2656 -16.3852 255 248 220 
# 72.5842 -42.3478 -54.2052 255 248 220 
# -65.0994 -21.9495 -72.6656 255 248 220 
# -38.6818 -91.9106 -7.49391 255 248 220 
# 90.1923 3.2957 43.0638 255 248 220 
# 36.2233 59.4711 -71.7708 255 248 220 
# -40.0572 89.8135 -18.1373 255 248 220 
# 47.1637 64.9467 59.6449 255 248 220 
# 27.4669 33.7972 90.0185 255 248 220 
# -65.3125 -58.2671 48.3655 255 248 220 
# -52.0342 60.4444 -60.3234 255 248 220 
# -57.1641 57.3463 -58.6828 255 248 220 
# 90.184 -43.091 -3.16435 255 248 220 
# -57.8911 -75.1918 -31.5406 255 248 220 
# -58.4778 -43.2989 68.5971 255 248 220 
# 65.8773 46.8758 -58.8459 255 248 220 
# -58.9989 14.0081 -79.5167 255 248 220 
# -20.1586 -94.0734 -27.2734 255 248 220 
# 26.3779 -19.169 -94.5344 255 248 220 
# 77.0282 -50.3132 -39.182 255 248 220 
# 0.927733 30.0586 -95.371 255 248 220 
# -45.0252 32.8665 -83.0212 255 248 220 
# 1.1733 4.35797 -99.8981 255 248 220 
# -37.8393 55.5765 74.0232 255 248 220 
# -38.9029 -92.122 -0.311223 255 248 220 
# 99.6596 -7.95659 2.15772 255 248 220 
# 8.39778 58.967 80.3266 255 248 220 
# 46.8933 -76.6654 43.857 255 248 220 
# -72.2296 21.8124 65.6285 255 248 220 
# 95.1981 -7.79151 -29.6077 255 248 220 
# -86.9025 48.7587 8.39863 255 248 220 
# 51.0537 -71.9673 -47.0555 255 248 220 
# -21.7215 -65.384 -72.4783 255 248 220 
# -30.5103 94.4415 -12.2443 255 248 220 
# -88.7376 -45.5799 -6.93607 255 248 220 
# -67.1369 -63.5357 -38.1557 255 248 220 
# 7.1848 -3.23316 99.6891 255 248 220 
# -46.4638 81.2654 35.1718 255 248 220 
# 79.32 -21.7053 -56.8965 255 248 220 
# -19.4206 -82.5376 53.013 255 248 220 
# 86.0969 -50.1763 8.34708 255 248 220 
# -69.841 30.3044 -64.8373 255 248 220 
# 39.2525 60.2187 -69.5195 255 248 220 
# -26.9282 41.8773 -86.7246 255 248 220 
# 86.0717 -11.1634 49.6692 255 248 220 
# -78.1034 10.4986 -61.5601 255 248 220 
# -39.4225 56.5344 -72.455 255 248 220 
# 70.7421 68.6741 -16.7162 255 248 220 
# -12.8266 68.9038 71.3284 255 248 220 
# -60.5434 -34.64 71.6558 255 248 220 
# -37.9127 72.3021 -57.7498 255 248 220 
# -25.9909 -31.5166 91.2753 255 248 220 
# -3.70099 -11.7969 99.2327 255 248 220 
# -66.8618 45.0985 -59.1238 255 248 220 
# 95.592 -17.6176 -23.4902 255 248 220 
# 56.2209 -41.9005 -71.2991 255 248 220 
# 40.6319 -31.0432 -85.9382 255 248 220 
# 73.4467 2.41072 67.8216 255 248 220 
# -51.1617 -19.9224 -83.5798 255 248 220 
# -70.1193 -29.0494 -65.1108 255 248 220 
# -65.366 42.3719 62.7049 255 248 220 
# 81.4231 -16.4166 55.6845 255 248 220 
# 59.3206 66.1115 45.9385 255 248 220 
# 63.5188 74.4945 -20.3945 255 248 220 
# -45.3756 0 89.1126 255 248 220 
# 67.657 -12.6712 72.5395 255 248 220 
# -24.1984 37.3455 -89.5531 255 248 220 
# -68.7268 -71.1954 14.4168 255 248 220 
# 56.9914 -80.5964 16.0061 255 248 220 
# 25.7538 -94.7414 -18.9949 255 248 220 
# 72.7141 -39.6017 56.0747 255 248 220 
# -86.9546 -48.9958 6.18894 255 248 220 
# 60.3491 53.6087 -59.0262 255 248 220 
# 75.0504 -63.3892 -18.6879 255 248 220 
# -58.8055 -43.1688 -68.3986 255 248 220 
# -29.2156 -45.7874 -83.9641 255 248 220 
# 74.7424 6.84337 -66.0813 255 248 220 
# 57.4293 45.8238 67.8384 255 248 220 
# 70.6438 -69.0921 -15.3538 255 248 220 
# 15.6323 13.6152 -97.8277 255 248 220 
# 82.435 55.8896 -8.98983 255 248 220 
# 87.9567 -35.6581 -31.498 255 248 220 
# -47.5682 -22.0593 -85.1508 255 248 220 
# -63.9421 -28.4023 -71.4473 255 248 220 
# -60.83 63.1473 -48.0846 255 248 220 
# -88.9254 27.4138 -36.6163 255 248 220 
# -89.8984 42.6685 9.88312 255 248 220 
# 80.9118 -55.3412 -19.7647 255 248 220 
# 82.801 -24.9188 50.23 255 248 220 
# -97.28 22.8135 -4.01746 255 248 220 
# 46.7525 -81.1462 35.0643 255 248 220 
# -62.2376 77.1968 12.9277 255 248 220 
# -28.5744 -92.7618 -24.0571 255 248 220 
# 3.97204 -4.07939 99.8378 255 248 220 
# 31.3712 45.4016 -83.3939 255 248 220 
# -58.0578 -48.7184 -65.2366 255 248 220 
# -72.6045 32.4722 -60.6147 255 248 220 
# 64.931 74.9623 12.8307 255 248 220 
# 4.56033 -60.2444 79.6858 255 248 220 
# 31.2471 -55.6589 76.9786 255 248 220 
# 46.4683 -60.9041 64.2759 255 248 220 
# -88.3828 46.6195 -3.88496 255 248 220 
# -59.8268 16.8989 -78.3274 255 248 220 
# -58.5013 21.8112 78.1145 255 248 220 
# -89.889 -34.6702 26.7947 255 248 220 
# 80.4074 -29.5227 51.6048 255 248 220 
# -90.2602 -16.3857 -39.8071 255 248 220 
# -71.4456 -10.0089 69.2485 255 248 220 
# 18.1269 -23.0072 -95.6143 255 248 220 
# 28.7084 81.7007 -50.0082 255 248 220 
# 10.1437 89.6758 -43.0738 255 248 220 
# 24.2252 63.507 73.3485 255 248 220 
# -7.34637 -26.5108 96.1416 255 248 220 
# -60.8827 -55.801 -56.3874 255 248 220 
# -54.7491 -77.7844 30.8566 255 248 220 
# 71.913 -49.7353 48.5276 255 248 220 
# -24.819 -5.80183 -96.6972 255 248 220 
# -67.968 67.5866 28.5027 255 248 220 
# -7.16643 -69.7098 -71.3385 255 248 220 
# 94.6803 13.053 -29.4152 255 248 220 
# 66.4724 52.357 -53.2932 255 248 220 
# -22.5544 -76.3289 -60.5408 255 248 220 
# 85.1527 22.4853 47.3649 255 248 220 
# 29.1467 5.72205 -95.4868 255 248 220 
# -8.67047 46.9474 -87.8679 255 248 220 
# 29.5144 -13.2862 94.617 255 248 220 
# 61.6291 -56.5559 54.8023 255 248 220 
# 62.6178 -71.0757 32.0508 255 248 220 
# 54.6724 23.1208 -80.4758 255 248 220 
# -47.2228 -59.5943 64.9502 255 248 220 
# -5.83942 -71.7233 69.4383 255 248 220 
# 35.8733 -49.5394 -79.1135 255 248 220 
# 58.5106 76.9513 -25.593 255 248 220 
# 70.9402 -52.1013 47.4652 255 248 220 
# -77.0019 63.2048 8.70993 255 248 220 
# -49.3816 49.8027 -71.2822 255 248 220 
# 75.197 56.9034 -33.2779 255 248 220 
# 61.2649 3.41242 -78.9618 255 248 220 
# 79.8595 18.5634 -57.2526 255 248 220 
# 73.0112 -67.4816 10.752 255 248 220 
# 60.0692 54.7424 -58.2663 255 248 220 
# -99.7381 6.83784 -2.35787 255 248 220 
# -70.174 -32.2671 -63.5172 255 248 220 
# 51.0782 -61.3378 60.2386 255 248 220 
# -92.7806 -34.7677 -13.5263 255 248 220 
# -65.1033 -29.4136 -69.9743 255 248 220 
# 81.2161 36.3024 -45.6735 255 248 220 
# 39.9583 -64.1638 65.4701 255 248 220 
# 51.011 85.284 -11.1587 255 248 220 
# 32.4474 69.6468 64.0038 255 248 220 
# -25.8715 66.3503 70.2019 255 248 220 
# -39.247 91.4154 -10.1438 255 248 220 
# -37.1188 84.7815 -37.872 255 248 220 
# 69.711 -52.254 -49.0906 255 248 220 
# -82.612 16.8076 -53.7844 255 248 220 
# 21.2301 7.56715 97.427 255 248 220 
# -52.0621 9.74946 84.8203 255 248 220 
# -70.2507 -45.2076 -54.9647 255 248 220 
# -47.2416 -79.3359 38.3932 255 248 220 
# -29.5201 -74.0557 -60.3682 255 248 220 
# -50.8494 -66.959 54.1371 255 248 220 
# -66.8271 58.6375 45.7798 255 248 220 
# 41.9224 84.5654 33.0334 255 248 220 
# -37.1456 21.755 -90.2603 255 248 220 
# 40.8779 -77.3108 -48.4978 255 248 220 
# -57.5938 12.9789 80.7125 255 248 220 
# -58.3494 56.0956 58.7251 255 248 220 
# 41.3643 59.466 -68.9405 255 248 220 
# 66.6736 -24.6989 -70.3178 255 248 220 
# 56.1139 -21.6404 79.8932 255 248 220 
# 1.63625 -3.14663 99.9371 255 248 220 
# -92.3326 -4.944 38.0822 255 248 220 
# 5.6371 -68.958 -72.2012 255 248 220 
# 65.0798 61.4228 44.6304 255 248 220 
# -91.8969 39.2156 -4.13418 255 248 220 
# -41.7757 65.8705 62.5769 255 248 220 
# -48.1771 79.6076 -36.6278 255 248 220 
# -75.1235 12.9131 -64.728 255 248 220 
# -10.218 93.0295 35.2292 255 248 220 
# 56.3284 -41.612 -71.3831 255 248 220 
# -89.9306 -39.4164 -18.9428 255 248 220 
# -29.0084 -25.6052 -92.2111 255 248 220 
# 16.576 66.1702 73.1214 255 248 220 
# -90.8393 36.3106 -20.7309 255 248 220 
# -57.0215 -49.2897 65.7197 255 248 220 
# -69.4025 -63.9256 -33.1181 255 248 220 
# 46.7016 70.4098 53.4923 255 248 220 
# -84.3526 -10.6862 52.6351 255 248 220 
# 3.88116 98.5538 16.4949 255 248 220 
# -66.8987 -41.6778 -61.5429 255 248 220 
# -94.3468 -19.1592 27.0482 255 248 220 
# -7.10075 -59.0722 -80.3745 255 248 220 
# 71.6692 -54.6114 -43.3718 255 248 220 
# -39.2068 0.306303 91.9931 255 248 220 
# 17.2965 -97.9611 10.2207 255 248 220 
# -94.2799 -25.4524 -21.5285 255 248 220 
# -41.8534 -52.7043 73.9632 255 248 220 
# 27.7282 -59.3765 75.5353 255 248 220 
# -52.286 -70.8251 -47.434 255 248 220 
# -87.8968 -19.0224 -43.7298 255 248 220 
# 3.59985 77.1968 -63.4641 255 248 220 
# 5.75555 -63.4197 -77.1027 255 248 220 
# 33.2718 -66.4746 -66.8888 255 248 220 
# -70.7279 -18.2297 -68.3025 255 248 220 
# -92.6654 -1.77273 -37.5496 255 248 220 
# 44.4859 -52.2594 72.7321 255 248 220 
# -71.7389 -18.2006 -67.2478 255 248 220 
# 58.5485 63.8417 -49.9631 255 248 220 
# 7.31721 55.4017 -82.9283 255 248 220 
# -77.0594 4.53291 63.5712 255 248 220 
# 18.4815 54.9127 81.5048 255 248 220 
# -34.9033 69.0693 63.334 255 248 220 
# -47.1723 -33.8891 81.4021 255 248 220 
# -50.774 62.738 59.0418 255 248 220 
# 46.1008 -25.6012 84.9664 255 248 220 
# -57.6064 52.4402 62.7018 255 248 220 
# 70.9294 4.47975 70.3487 255 248 220 
# 33.5482 -85.4847 39.584 255 248 220 
# -65.5365 -39.12 64.6111 255 248 220 
# 86.4932 -48.5376 12.7685 255 248 220 
# -70.5582 42.9402 -56.3709 255 248 220 
# 17.7453 64.5093 -74.3213 255 248 220 
# -73.3379 -4.90998 -67.8044 255 248 220 
# -60.1342 -48.4782 -63.5118 255 248 220 
# 69.7991 -36.0957 61.8482 255 248 220 
# -76.4341 18.6315 61.7309 255 248 220 
# 52.614 -85.0192 1.86953 255 248 220 
# -65.0574 -71.1489 26.559 255 248 220 
# 14.879 -60.9604 77.8617 255 248 220 
# 82.1409 56.3216 -8.98614 255 248 220 
# -55.2914 -77.6979 30.0982 255 248 220 
# -21.3303 78.1474 58.6345 255 248 220 
# 63.563 58.4421 50.4407 255 248 220 
# -68.1487 -57.2294 -45.6131 255 248 220 
# -0.406953 -90.6487 42.2213 255 248 220 
# -27.3871 -55.5918 -78.4825 255 248 220 
# 34.235 -91.1731 22.7032 255 248 220 
# 72.7367 34.3068 -59.4341 255 248 220 
# 80.8586 38.5551 -44.4454 255 248 220 
# 61.7312 68.7862 38.18 255 248 220 
# 21.5434 96.0601 -17.5594 255 248 220 
# 94.9634 -27.0071 15.8922 255 248 220 
# 20.7413 75.4849 -62.224 255 248 220 
# 54.0788 65.4296 52.8626 255 248 220 
# -63.3191 -26.7364 72.6351 255 248 220 
# -78.9981 -0.362793 -61.312 255 248 220 
# 39.6349 -52.7889 75.116 255 248 220 
# 23.8914 33.3749 91.1884 255 248 220 
# 1.39795 -92.0104 -39.1425 255 248 220 
# 74.3457 -66.5963 6.13494 255 248 220 
# -92.8364 -21.5258 -30.2993 255 248 220 
# -44.7924 -62.2279 64.1976 255 248 220 
# -94.6887 -28.8623 14.178 255 248 220 
# 40.2909 -47.6962 -78.1135 255 248 220 
# 54.6574 83.1409 -10.0077 255 248 220 
# 9.04254 -80.431 -58.7289 255 248 220 
# -69.983 68.4313 -20.4828 255 248 220 
# 9.50118 -4.31872 -99.4539 255 248 220 
# -76.1425 56.3978 31.9624 255 248 220 
# -13.8199 27.2986 -95.204 255 248 220 
# -41.9169 -12.5557 89.9185 255 248 220 
# 27.738 68.0842 -67.7875 255 248 220 
# -78.0343 -62.3203 -5.17848 255 248 220 
# -51.8412 -50.7263 -68.8428 255 248 220 
# 28.9696 -73.419 61.4037 255 248 220 
# 68.8501 -59.889 40.902 255 248 220 
# -4.4474 79.4398 60.5767 255 248 220 
# -60.3108 -21.2249 76.8903 255 248 220 
# -19.2694 -97.9959 5.04921 255 248 220 
# -25.6044 -84.2327 47.4264 255 248 220 
# 12.7145 92.3917 -36.0848 255 248 220 
# -59.6927 -59.3068 54.0322 255 248 220 
# 72.7774 57.5045 37.3722 255 248 220 
# -59.2499 43.6831 -67.6848 255 248 220 
# -53.3761 -79.8931 -27.7145 255 248 220 
# -94.9943 -22.0917 -22.0917 255 248 220 
# 67.2533 -62.9811 38.8636 255 248 220 
# -39.1169 -86.5968 31.1587 255 248 220 
# 27.4737 -79.5005 54.082 255 248 220 
# 3.26213 80.6635 59.0149 255 248 220 
# -99.0978 -10.7366 -8.02162 255 248 220 
# 79.9838 56.2963 20.8163 255 248 220 
# -68.2717 -72.5772 8.45709 255 248 220 
# 24.5145 -72.7425 64.0903 255 248 220 
# -19.4535 0.136996 -98.0895 255 248 220 
# 60.8469 70.0097 -37.3671 255 248 220 
# 6.74059 -37.635 -92.4022 255 248 220 
# 83.0502 55.5985 3.38803 255 248 220 
# -64.1853 -65.8503 39.2937 255 248 220 
# 77.951 -2.57423 62.5861 255 248 220 
# -68.1801 -39.0515 -61.8583 255 248 220 
# -11.8631 -74.4328 -65.7193 255 248 220 
# -90.9622 -5.91877 41.1199 255 248 220 
# 47.3967 86.6964 15.4039 255 248 220 
# -77.601 -60.5647 17.607 255 248 220 
# -70.3599 52.4223 -47.9727 255 248 220 
# -61.2482 76.4337 -20.163 255 248 220 
# 87.079 26.9847 41.0984 255 248 220 
# -61.792 -69.7322 -36.3205 255 248 220 
# -6.01492 -65.1231 75.6492 255 248 220 
# 78.5535 -49.1562 -37.59 255 248 220 
# 2.74015 -69.4171 71.9289 255 248 220 
# -34.9879 -86.9428 34.8825 255 248 220 
# 22.3757 64.6514 72.9351 255 248 220 
# -11.6197 -41.8981 90.0529 255 248 220 
# 64.2315 67.9426 -35.47 255 248 220 
# -85.7254 51.3872 -3.24172 255 248 220 
# -97.9489 9.52027 17.759 255 248 220 
# -23.1112 69.9906 -67.5809 255 248 220 
# 70.7599 66.3179 24.3919 255 248 220 
# 77.7763 -8.27871 -62.3082 255 248 220 
# 9.31521 90.7542 40.9501 255 248 220 
# 23.7789 -65.5208 -71.7048 255 248 220 
# 37.6634 37.8596 84.5465 255 248 220 
# -89.3386 -27.6113 35.4434 255 248 220 
# 71.0773 -22.7612 66.5579 255 248 220 
# 17.5347 30.1826 -93.7099 255 248 220 
# 51.4606 3.75234 85.6605 255 248 220 
# -28.0327 -39.4725 -87.4991 255 248 220 
# -8.43118 -81.069 -57.9373 255 248 220 
# 16.7187 -34.1298 -92.4967 255 248 220 
# -20.1259 88.2941 -42.4158 255 248 220 
# 28.1575 53.4461 79.6911 255 248 220 
# -66.5497 -74.554 -3.58286 255 248 220 
# 57.4311 48.3194 66.0826 255 248 220 
# -65.8283 -46.2524 59.3915 255 248 220 
# 93.7214 34.294 -6.34205 255 248 220 
# -12.3211 -90.1905 -41.3989 255 248 220 
# 19.9008 15.6627 96.7401 255 248 220 
# 94.2131 16.4783 29.1953 255 248 220 
# 66.7572 -54.1943 51.0535 255 248 220 
# -84.9086 32.3752 -41.7417 255 248 220 
# -42.6166 40.391 80.9468 255 248 220 
# -65.0803 67.657 -34.4543 255 248 220 
# -40.6566 -61.2538 -67.7865 255 248 220 
# 18.8181 72.8554 -65.8633 255 248 220 
# -46.6494 31.6306 82.6035 255 248 220 
# 57.7075 3.92187 81.5749 255 248 220 
# -46.039 72.0958 51.7939 255 248 220 
# -89.0464 38.7158 -23.9127 255 248 220 
# -85.7976 47.6314 19.2358 255 248 220 
# 58.32 -61.6766 -52.8656 255 248 220 
# 61.925 -66.3584 -41.9745 255 248 220 
# -27.206 10.843 95.6152 255 248 220 
# 17.6951 96.9512 -16.9516 255 248 220 
# 28.4904 -73.5741 61.4422 255 248 220 
# -21.4129 44.4729 -86.9692 255 248 220 
# -29.1799 -78.3368 -54.8806 255 248 220 
# -49.3231 58.0976 64.7449 255 248 220 
# 48.4647 59.9461 -63.6996 255 248 220 
# 79.9767 -42.396 -42.5007 255 248 220 
# -81.8015 56.9054 8.38339 255 248 220 
# 69.4415 47.6193 -53.947 255 248 220 
# -11.6538 17.8692 -97.6979 255 248 220 
# 62.3844 -54.1015 -56.4023 255 248 220 
# -73.9701 -66.167 -12.262 255 248 220 
# -64.3816 -36.2838 67.3684 255 248 220 
# 70.637 17.0913 68.6899 255 248 220 
# 43.0693 -59.3638 67.9777 255 248 220 
# 55.1665 46.6855 -69.1167 255 248 220 
# -24.2875 55.7746 -79.3682 255 248 220 
# -92.1573 37.7224 9.16798 255 248 220 
# -4.23679 91.4441 40.2495 255 248 220 
# -43.0949 17.0894 -88.6046 255 248 220 
# 41.5905 -69.4365 -58.7265 255 248 220 
# -74.9395 59.38 -29.2931 255 248 220 
# 73.2477 -28.1314 61.9952 255 248 220 
# -62.9331 15.9707 76.055 255 248 220 
# -24.35 78.461 57.017 255 248 220 
# -72.4613 44.8497 52.3247 255 248 220 
# -40.7946 54.2568 73.4303 255 248 220 
# 96.1627 -10.1894 -25.4736 255 248 220 
# -74.078 67.1083 -2.98702 255 248 220 
# -72.1969 -56.7735 -39.5522 255 248 220 
# 59.2603 80.0645 -8.826 255 248 220 
# -28.5989 -75.878 58.5203 255 248 220 
# 79.7163 -29.3122 -52.7836 255 248 220 
# 81.6587 49.8558 29.0903 255 248 220 
# -95.082 22.2298 -21.5695 255 248 220 
# -66.767 -62.8301 -39.9317 255 248 220 
# -67.3236 14.1836 72.5696 255 248 220 
# 69.9955 -8.24272 -70.9414 255 248 220 
# -61.972 75.5756 -21.1612 255 248 220 
# -82.8446 -22.1859 -51.4252 255 248 220 
# -73.759 -50.53 -44.7921 255 248 220 
# -14.2209 29.8181 -94.3856 255 248 220 
# 58.4164 18.6435 78.9933 255 248 220 
# -80.8188 -55.977 -18.3002 255 248 220 
# -75.807 -56.7619 32.1153 255 248 220 
# 87.9563 1.19506 -47.5633 255 248 220 
# -72.4333 -38.5077 57.1889 255 248 220 
# -25.251 -33.4066 90.8096 255 248 220 
# 41.9522 69.9473 57.8566 255 248 220 
# -23.74 78.6 -57.0828 255 248 220 
# -77.5617 31.8115 -54.518 255 248 220 
# -24.0883 -65.6755 71.4596 255 248 220 
# -6.1462 -20.2522 -97.7347 255 248 220 
# 29.4394 -93.6075 19.2604 255 248 220 
# 82.5099 56.2974 -4.76592 255 248 220 
# -24.2153 -62.6098 -74.119 255 248 220 
# 33.0479 93.207 -14.8419 255 248 220 
# -95.653 10.9377 27.0346 255 248 220 
# 50.353 -55.69 -66.0545 255 248 220 
# -57.9186 -38.6124 -71.795 255 248 220 
# 13.9227 90.0882 41.113 255 248 220 
# -2.14922 95.9566 -28.0663 255 248 220 
# -20.5866 60.5676 76.862 255 248 220 
# 28.7855 -86.4507 -41.2028 255 248 220 
# -95.0443 19.4081 24.2879 255 248 220 
# -17.9489 -97.2063 -15.1255 255 248 220 
# 28.8107 -88.6893 36.113 255 248 220 
# -45.7777 74.7023 -48.2076 255 248 220 
# -19.7226 -83.9258 50.6702 255 248 220 
# 43.7132 59.7712 67.2054 255 248 220 
# 81.1949 3.03613 58.2938 255 248 220 
# 96.3949 25.7119 6.84989 255 248 220 
# -6.96822 37.2364 -92.5467 255 248 220 
# -87.7358 46.2627 12.7358 255 248 220 
# -35.3139 -45.5197 -81.7367 255 248 220 
# 75.8137 63.8861 13.0713 255 248 220 
# 48.5628 -7.37802 -87.1047 255 248 220 
# -81.9958 41.8809 -39.0216 255 248 220 
# -25.6734 -93.2034 25.5735 255 248 220 
# 30.6892 -56.1146 76.8721 255 248 220 
# -39.7523 81.1421 -42.8452 255 248 220 
# -18.3712 86.2648 -47.1262 255 248 220 
# -83.3991 37.142 40.8051 255 248 220 
# 16.8785 -85.2004 -49.5581 255 248 220 
# -26.8039 -91.8689 -29.0112 255 248 220 
# -89.3652 -44.5621 5.29928 255 248 220 
# 58.4634 -49.8415 64.0145 255 248 220 
# 94.1739 -28.9872 17.0595 255 248 220 
# -5.63551 -98.4556 16.575 255 248 220 
# -70.4598 -52.9467 -47.2447 255 248 220 
# 63.3741 -68.6813 -35.5894 255 248 220 
# -47.9867 -56.4428 67.1676 255 248 220 
# 59.7512 -80.186 0.081739 255 248 220 
# -18.9423 -68.3133 70.53 255 248 220 
# -88.0719 -7.45154 -46.7742 255 248 220 
# 33.0134 -44.811 83.0788 255 248 220 
# -41.4198 70.9834 -56.9715 255 248 220 
# -37.5011 -32.0421 -86.9883 255 248 220 
# -28.2157 50.5258 -81.5537 255 248 220 
# 17.6789 96.2519 -20.5676 255 248 220 
# -75.7093 -42.3716 49.7267 255 248 220 
# -78.7909 -50.2031 35.6601 255 248 220 
# -23.0923 9.0183 -96.8784 255 248 220 
# -54.4921 -2.52746 83.8106 255 248 220 
# 70.7029 -1.48437 -70.7029 255 248 220 
# -11.3797 97.8422 17.2456 255 248 220 
# -37.465 -84.7702 -37.5553 255 248 220 
# 98.0223 15.9418 -11.7258 255 248 220 
# -23.0798 -3.24154 97.2462 255 248 220 
# 19.919 70.9665 -67.5795 255 248 220 
# 42.5939 54.9414 71.8832 255 248 220 
# 41.2041 59.3681 -69.1205 255 248 220 
# 49.3106 -84.8142 -19.3656 255 248 220 
# -88.2852 -31.7152 -34.6393 255 248 220 
# 50.2482 -78.6454 35.9168 255 248 220 
# -58.2367 -56.7184 -58.2367 255 248 220 
# -67.0265 27.5865 -68.8944 255 248 220 
# -43.2289 -85.3147 -29.2003 255 248 220 
# 12.568 -58.0252 80.4681 255 248 220 
# 53.0543 -75.3133 38.8993 255 248 220 
# 77.6793 43.1934 -45.8285 255 248 220 
# -72.336 65.2243 -22.6558 255 248 220 
# 62.8077 77.5027 -6.96653 255 248 220 
# 20.8889 -78.4034 -58.4513 255 248 220 
# -73.4449 -41.883 -53.4009 255 248 220 
# 56.3945 -80.0437 20.3141 255 248 220 
# 98.2252 -15.3662 10.7563 255 248 220 
# 25.3558 -46.5331 84.8042 255 248 220 
# 67.6534 -55.0718 48.8888 255 248 220 
# 47.0299 45.17 -75.8147 255 248 220 
# -76.6458 4.3459 -64.0822 255 248 220 
# 38.9906 -48.5688 -78.2356 255 248 220 
# -69.1609 29.6878 -65.8438 255 248 220 
# -99.7922 4.55621 -4.55621 255 248 220 
# -93.3079 -22.758 -27.8515 255 248 220 
# -29.3614 -9.42598 95.1265 255 248 220 
# -78.515 -61.9094 -1.61799 255 248 220 
# 93.3944 -32.9432 13.865 255 248 220 
# -66.2382 -25.0017 -70.6216 255 248 220 
# -58.6322 -25.2109 76.9849 255 248 220 
# -51.7949 -56.0289 64.6378 255 248 220 
# -49.8545 -72.1042 48.1198 255 248 220 
# -59.4391 -72.8827 -33.9868 255 248 220 
# 62.6355 58.5026 51.5193 255 248 220 
# -62.1635 -20.3639 -75.6374 255 248 220 
# 46.1417 -46.3697 -75.6359 255 248 220 
# 58.7274 -79.1381 -16.9781 255 248 220 
# 67.7077 -12.034 72.6006 255 248 220 
# -63.4052 41.1688 65.4592 255 248 220 
# -22.5279 -96.7144 11.7818 255 248 220 
# 29.6466 0 -95.5043 255 248 220 
# 25.7185 44.1923 -85.9395 255 248 220 
# -67.2841 -66.6515 32.1003 255 248 220 
# -74.6695 -60.0603 28.5872 255 248 220 
# -56.122 68.4637 -46.5085 255 248 220 
# 72.4484 -57.1297 38.5671 255 248 220 
# -75.716 -16.4304 63.2229 255 248 220 
# -79.2571 -59.7101 12.3696 255 248 220 
# -54.7883 -66.8682 -50.2681 255 248 220 
# -7.07091 -97.8679 19.2843 255 248 220 
# 49.1437 -76.1534 42.2558 255 248 220 
# -21.9197 -61.6998 75.5822 255 248 220 
# -20.4837 97.3541 -10.1293 255 248 220 
# -46.625 60.3498 -64.6839 255 248 220 
# -17.6679 76.4861 -61.9493 255 248 220 
# -14.6816 -46.5213 87.2938 255 248 220 
# -75.8845 61.3146 -21.9559 255 248 220 
# -52.8153 -72.9604 -43.4434 255 248 220 
# -77.2627 25.4933 58.1427 255 248 220 
# -66.0201 24.4613 -71.014 255 248 220 
# 8.85318 -59.542 79.8522 255 248 220 
# -16.1557 72.1508 67.3295 255 248 220 
# -47.0914 57.2232 -67.1409 255 248 220 
# 65.0279 74.227 -16.1777 255 248 220 
# 89.3033 25.6083 37.0018 255 248 220 
# -75.8187 65.0845 3.9404 255 248 220 
# -5.74755 48.17 87.4449 255 248 220 
# -64.0637 -75.5458 13.7356 255 248 220 
# 58.2911 -71.0072 39.4984 255 248 220 
# 65.3292 14.2289 74.3615 255 248 220 
# 69.3059 41.4842 58.9555 255 248 220 
# 59.8287 37.511 70.8057 255 248 220 
# -99.9206 -1.0196 -3.85181 255 248 220 
# 77.0466 -50.4361 38.9874 255 248 220 
# -29.2557 62.6089 -72.2788 255 248 220 
# 50.8584 -60.7866 -60.9788 255 248 220 
# 68.7946 47.8646 54.5553 255 248 220 
# -0.184284 83.0201 55.746 255 248 220 
# 33.6096 19.2271 -92.1993 255 248 220 
# -63.1546 -68.1635 36.9491 255 248 220 
# -70.1785 -69.7157 14.6526 255 248 220 
# 50.8913 -34.0159 79.0759 255 248 220 
# -67.3623 67.1538 -30.8657 255 248 220 
# -24.5151 -46.6245 -85.001 255 248 220 
# -56.2458 76.8604 30.4776 255 248 220 
# -23.8718 51.7738 82.156 255 248 220 
# -65.4046 -29.2727 -69.752 255 248 220 
# -66.7093 22.2656 71.0923 255 248 220 
# 79.5229 -40.6977 44.9423 255 248 220 
# 22.076 62.9047 -74.5362 255 248 220 
# -41.5264 55.238 72.2795 255 248 220 
# 78.3278 -46.8953 40.8116 255 248 220 
# -22.8117 82.0862 -52.3591 255 248 220 
# -94.1559 17.2984 -28.9037 255 248 220 
# -72.6913 -63.8836 25.1967 255 248 220 
# 42.5819 68.9089 -58.6374 255 248 220 
# -17.6327 33.036 -92.7238 255 248 220 
# 99.3973 -6.52075 -8.81182 255 248 220 
# -53.2963 33.331 -77.7724 255 248 220 
# 45.0275 -77.9389 43.5667 255 248 220 
# -36.0011 -72.6123 -58.578 255 248 220 
# -82.1186 -44.4276 -35.815 255 248 220 
# -66.7546 36.9302 -64.6528 255 248 220 
# 60.7473 57.756 -54.5345 255 248 220 
# -61.8146 -56.5973 -54.55 255 248 220 
# -94.4297 11.6654 30.7726 255 248 220 
# 90.6503 9.80003 -41.0668 255 248 220 
# 92.8806 -20.431 -30.9154 255 248 220 
# 36.7683 65.6527 65.862 255 248 220 
# 58.865 -72.6044 35.5459 255 248 220 
# -66.3272 59.9529 44.7924 255 248 220 
# -14.2479 97.8035 15.2139 255 248 220 
# 26.5696 -60.7424 -74.8627 255 248 220 
# -69.7166 71.5882 3.83675 255 248 220 
# -49.2025 -74.5381 -44.9799 255 248 220 
# -62.2621 -75.6369 20.0622 255 248 220 
# -7.71789 58.8909 80.4506 255 248 220 
# -29.9432 60.6037 -73.6926 255 248 220 
# 62.6326 61.4918 47.9157 255 248 220 
# -30.8626 -63.9835 -70.3819 255 248 220 
# 68.0788 5.24355 -73.0601 255 248 220 
# -72.1244 68.8756 -7.36405 255 248 220 
# 77.2993 39.0529 49.9969 255 248 220 
# -38.7973 -81.1356 43.7239 255 248 220 
# -72.3892 57.339 -38.3673 255 248 220 
# 38.7855 35.9243 -84.883 255 248 220 
# -32.7766 -73.5087 -59.3479 255 248 220 
# -18.7266 4.64296 -98.1211 255 248 220 
# 14.6273 -2.16086 -98.9008 255 248 220 
# -95.201 -6.13562 29.9854 255 248 220 
# 53.6853 -47.9698 69.4031 255 248 220 
# 54.2807 33.7375 -76.9116 255 248 220 
# 67.6448 -7.80833 -73.2339 255 248 220 
# -77.588 -7.7588 62.6092 255 248 220 
# -70.9486 -61.1767 34.9816 255 248 220 
# -47.4805 35.9673 80.3241 255 248 220 
# -71.8657 -58.7458 37.2057 255 248 220 
# -32.2609 -80.81 49.2846 255 248 220 
# -54.1452 -74.9768 38.0366 255 248 220 
# 14.7578 -86.4387 -48.0683 255 248 220 
# 64.3314 -50.812 -57.2679 255 248 220 
# -3.48326 67.0986 -74.0651 255 248 220 
# 71.2571 39.8586 57.7383 255 248 220 
# -74.3767 -65.4854 13.4076 255 248 220 
# -58.1609 52.0679 62.4999 255 248 220 
# 44.1735 80.5748 -39.4512 255 248 220 
# 88.6423 -35.4569 29.7548 255 248 220 
# 36.8424 -67.5566 63.865 255 248 220 
# 77.2939 -8.21729 -62.9136 255 248 220 
# -49.6646 64.8896 -57.6435 255 248 220 
# -68.6127 72.5594 5.23703 255 248 220 
# 60.8226 44.8896 -65.464 255 248 220 
# -63.4171 10.1534 76.6498 255 248 220 
# 85.8061 -14.7941 49.1778 255 248 220 
# 73.2586 -19.584 65.1893 255 248 220 
# -38.8795 -66.6505 63.6089 255 248 220 
# 55.5266 -71.6874 -42.1629 255 248 220 
# -42.5284 -54.7612 -72.0593 255 248 220 
# 84.4376 52.2303 -11.9286 255 248 220 
# -13.9154 -71.107 68.9214 255 248 220 
# -80.2848 -35.2252 48.0993 255 248 220 
# -13.5859 -0.76325 -99.0699 255 248 220 
# -61.9151 8.49003 -78.0669 255 248 220 
# -17.1473 9.25956 98.0828 255 248 220 
# 71.9972 -32.3715 61.388 255 248 220 
# 30.9927 -69.7754 -64.5821 255 248 220 
# -37.0238 -65.6331 65.7383 255 248 220 
# -77.814 -3.63617 62.7037 255 248 220 
# -71.4564 -36.3964 59.7435 255 248 220 
# -42.2729 -35.2628 -83.4837 255 248 220 
# 26.2386 34.262 90.2089 255 248 220 
# -69.1667 8.52631 71.7166 255 248 220 
# 79.4736 -59.1665 13.5381 255 248 220 
# 54.5594 -51.3965 66.1942 255 248 220 
# -24.1967 59.6476 -76.529 255 248 220 
# -22.3758 -83.5305 50.2193 255 248 220 
# -19.7685 -60.8902 -76.8218 255 248 220 
# 37.1115 -90.5958 20.375 255 248 220 
# 55.479 70.6485 43.9417 255 248 220 
# -40.1062 85.3611 33.2412 255 248 220 
# -46.3605 88.4062 -5.9205 255 248 220 
# 80.1896 48.5386 34.8373 255 248 220 
# -92.2277 -27.9547 26.6945 255 248 220 
# -77.7092 46.4761 -42.4412 255 248 220 
# 32.1602 -72.5901 60.798 255 248 220 
# 18.1265 75.8871 62.5505 255 248 220 
# -24.7794 -81.5021 -52.3774 255 248 220 
# 42.0326 90.5191 -6.28835 255 248 220 
# -33.4773 62.5178 70.5039 255 248 220 
# -49.689 85.6087 14.2182 255 248 220 
# -27.0244 -71.5553 64.4168 255 248 220 
# 83.18 40.0904 38.3908 255 248 220 
# 64.5957 18.8943 -73.9621 255 248 220 
# -45.1399 -58.8249 -67.0971 255 248 220 
# -74.498 65.984 9.80637 255 248 220 
# -63.5825 -57.887 -51.0524 255 248 220 
# -65.3044 -29.8221 69.613 255 248 220 
# 7.32093 27.2287 95.9427 255 248 220 
# -55.1028 -82.4986 -12.5564 255 248 220 
# 11.8637 -63.1185 76.6505 255 248 220 
# 19.3014 -69.6414 69.1197 255 248 220 
# 91.8086 -11.8889 37.8132 255 248 220 
# 37.727 -56.9176 73.0552 255 248 220 
# -2.24622 -94.4593 -32.7475 255 248 220 
# -15.1898 38.719 90.9401 255 248 220 
# -31.3687 36.7207 87.5648 255 248 220 
# 26.2891 -96.1653 7.81831 255 248 220 
# -60.333 76.1793 23.5933 255 248 220 
# 85.2034 9.4228 -51.4936 255 248 220 
# -7.41125 24.0124 96.7909 255 248 220 
# -85.6561 45.6969 23.9755 255 248 220 
# -3.75142 -99.4127 10.1509 255 248 220 
# 68.1463 20.919 -70.1318 255 248 220 
# 71.1333 62.0525 -33.0082 255 248 220 
# 9.08861 -70.6468 70.1885 255 248 220 
# -66.9206 15.0633 72.7649 255 248 220 
# 75.4232 -63.5754 16.4166 255 248 220 
# 73.177 -57.542 36.5244 255 248 220 
# -60.122 -30.018 -74.0558 255 248 220 
# -2.29439 -43.9212 -89.809 255 248 220 
# 60.1588 35.9912 71.3131 255 248 220 
# 71.1912 -70.1162 3.94179 255 248 220 
# -35.4151 -7.00184 -93.2563 255 248 220 
# -60.223 -39.392 -69.4367 255 248 220 
# -98.5528 -6.67736 15.5805 255 248 220 
# -21.2615 60.218 -76.9529 255 248 220 
# 68.3908 25.0228 68.5314 255 248 220 
# 30.9469 -91.1078 -27.2333 255 248 220 
# 31.5038 70.2842 -63.778 255 248 220 
# -38.8528 72.4678 56.9111 255 248 220 
# -48.5232 -48.5232 -72.7392 255 248 220 
# 99.299 -1.17613 11.7613 255 248 220 
# -55.9218 -61.2005 55.9218 255 248 220 
# -55.9568 44.4565 -69.9461 255 248 220 
# 84.5157 -34.4197 40.8947 255 248 220 
# 1.73334 19.0667 98.1502 255 248 220 
# -42.2384 -82.1009 -38.4105 255 248 220 
# -68.9688 47.8383 -54.3581 255 248 220 
# 15.0393 78.7299 -59.7949 255 248 220 
# 87.1738 2.22485 48.9468 255 248 220 
# -31.5491 49.4442 80.9933 255 248 220 
# -1.65206 40.9474 91.2172 255 248 220 
# -85.1927 -49.5601 16.9119 255 248 220 
# 49.5271 16.5511 -85.2826 255 248 220 
# 30.8173 -53.4514 78.6972 255 248 220 
# -72.5465 -47.7745 49.5439 255 248 220 
# 74.6868 49.9462 -43.9006 255 248 220 
# -47.9954 -54.3137 -68.8946 255 248 220 
# 69.4897 10.1811 71.1866 255 248 220 
# 86.6794 47.9286 13.7667 255 248 220 
# 72.6226 -30.8381 61.4408 255 248 220 
# -10.3761 -38.7691 -91.5931 255 248 220 
# 79.9156 48.3315 -35.7429 255 248 220 
# -60.5338 56.352 -56.2149 255 248 220 
# 65.6182 72.3715 21.3687 255 248 220 
# 41.662 -16.4912 89.3998 255 248 220 
# -72.796 10.3546 67.7756 255 248 220 
# 74.8348 54.5093 -37.7954 255 248 220 
# 56.7925 36.296 -73.873 255 248 220 
# -75.6853 -8.93042 64.7455 255 248 220 
# -73.6511 -67.5743 3.03841 255 248 220 
# 4.94561 21.6665 97.4992 255 248 220 
# 68.7071 -39.2509 -61.145 255 248 220 
# 34.2908 -84.9295 -40.1388 255 248 220 
# 97.59 9.759 -19.518 255 248 220 
# -81.3708 -16.9245 55.6089 255 248 220 
# 71.85 64.563 25.8689 255 248 220 
# -84.4976 51.5147 -14.3663 255 248 220 
# -84.1911 -44.7131 -30.2092 255 248 220 
# -18.9721 88.8089 -41.8694 255 248 220 
# -78.9037 46.7718 -39.8321 255 248 220 
# 29.3735 74.6025 59.7634 255 248 220 
# 34.4307 74.7638 -56.7883 255 248 220 
# 67.769 -41.7314 -60.5463 255 248 220 
# 59.4228 80.1736 6.41388 255 248 220 
# 25.8193 69.9696 -66.6154 255 248 220 
# -27.4094 17.5116 94.5625 255 248 220 
# -62.6185 -46.0867 -62.8884 255 248 220 
# -0.778494 68.3345 -73.0054 255 248 220 
# -98.1629 -13.1586 13.8165 255 248 220 
# -31.9918 -38.5566 86.5443 255 248 220 
# -76.0103 11.0406 -64.0355 255 248 220 
# 48.6945 -64.1369 59.29 255 248 220 
# -56.481 -75.3821 33.5773 255 248 220 
# -71.5155 -69.8952 -0.441908 255 248 220 
# -34.533 -87.312 -34.4105 255 248 220 
# -76.484 57.9843 28.0717 255 248 220 
# -72.4853 68.3034 8.97354 255 248 220 
# 29.7171 40.3155 86.5537 255 248 220 
# 11.885 73.7862 66.4406 255 248 220 
# 81.6938 -28.1916 -50.3127 255 248 220 
# -46.6894 -61.2224 63.8116 255 248 220 
# 16.5983 13.4368 -97.6931 255 248 220 
# -73.4715 -67.8372 -0.225373 255 248 220 
# -80.8311 -24.3318 53.6125 255 248 220 
# -37.245 -21.8233 90.2028 255 248 220 
# 46.5121 -63.7503 61.4208 255 248 220 
# -40.7759 14.7411 -90.1112 255 248 220 
# 21.1154 56.0457 -80.0813 255 248 220 
# -34.7701 62.1999 70.1584 255 248 220 
# -48.078 68.6498 54.55 255 248 220 
# -70.8255 -45.8091 53.7147 255 248 220 
# 42.1327 -21.8187 -88.0272 255 248 220 
# -12.6395 -46.8916 87.4152 255 248 220 
# -72.7751 -68.1426 7.77064 255 248 220 
# -92.5759 -13.3978 -35.3582 255 248 220 
# -86.3419 -18.9683 -46.7469 255 248 220 
# 13.0579 -64.2308 -75.5241 255 248 220 
# -60.2106 41.8328 -68.0051 255 248 220 
# 9.59455 -63.5857 -76.582 255 248 220 
# -35.5692 26.1286 -89.7336 255 248 220 
# 96.3043 -2.41138 -26.8266 255 248 220 
# 57.1472 52.4792 -63.0882 255 248 220 
# 26.7994 -59.2975 75.9316 255 248 220 
# -72.263 68.9985 4.15475 255 248 220 
# -60.1989 79.5336 -7.10681 255 248 220 
# 14.9547 0.494371 -98.8742 255 248 220 
# -1.22841 41.3566 91.0391 255 248 220 
# -5.50227 -5.97389 -99.6696 255 248 220 
# 21.8676 61.5123 -75.7499 255 248 220 
# 74.3389 10.0571 -66.1255 255 248 220 
# -35.8294 -93.3449 1.72861 255 248 220 
# -56.5624 -71.8736 40.4336 255 248 220 
# -53.7192 -84.0446 -7.12405 255 248 220 
# 22.4121 73.7888 63.6624 255 248 220 
# 8.54064 -94.1843 -32.5019 255 248 220 
# 67.7331 53.9394 50.0278 255 248 220 
# -27.3487 -89.9248 34.1406 255 248 220 
# -14.8534 -33.0488 93.2049 255 248 220 
# -75.012 -63.1858 19.5132 255 248 220 
# -31.8958 -73.4632 -59.8817 255 248 220 
# -67.39 -71.3802 -19.0643 255 248 220 
# -42.5372 -42.7909 -79.7466 255 248 220 
# 59.1922 64.4578 48.3887 255 248 220 
# 3.42695 -84.4276 -53.4812 255 248 220 
# 13.1265 83.2763 53.7844 255 248 220 
# -36.581 1.35943 -93.059 255 248 220 
# 51.8345 -3.36165 85.451 255 248 220 
# -37.4295 -62.0563 68.9061 255 248 220 
# -34.6534 13.1093 -92.8832 255 248 220 
# 53.8071 -68.8527 -48.6219 255 248 220 
# 14.3686 -97.9677 13.9954 255 248 220 
# -19.2772 -84.07 50.6026 255 248 220 
# 24.4755 74.8081 -61.6822 255 248 220 
# -33.8086 -92.3408 -18.1703 255 248 220 
# -67.5313 48.7504 -55.3437 255 248 220 
# 41.1471 -24.5631 87.77 255 248 220 
# -66.1713 -36.2647 -65.6219 255 248 220 
# 14.2734 -98.6161 8.43427 255 248 220 
# 70.8194 51.45 48.3478 255 248 220 
# 61.9117 -55.2805 -55.7763 255 248 220 
# -51.2254 70.4731 -49.0867 255 248 220 
# 74.7134 -34.5846 56.761 255 248 220 
# -21.6542 71.9901 -65.9433 255 248 220 
# -9.73247 -89.3354 43.8688 255 248 220 
# 4.27539 -77.4914 -63.0619 255 248 220 
# -30.1354 46.48 83.2554 255 248 220 
# 12.7052 81.8019 56.0983 255 248 220 
# -64.8567 -55.6229 -51.9587 255 248 220 
# 56.659 55.0437 -61.3184 255 248 220 
# 12.1729 -97.9263 16.1943 255 248 220 
# 62.9296 -11.8366 -76.8099 255 248 220 
# -57.5478 -74.4302 -33.8879 255 248 220 
# 2.77193 -89.2058 -45.1069 255 248 220 
# 22.3328 -66.3716 71.3867 255 248 220 
# -64.4027 -23.4497 -72.8176 255 248 220 
# -69.4988 -2.98004 -71.8403 255 248 220 
# 61.5953 12.4837 -77.7829 255 248 220 
# -14.0838 -61.6558 -77.461 255 248 220 
# 17.6713 50.2579 84.6278 255 248 220 
# 70.349 55.5387 -44.3449 255 248 220 
# 21.2808 -83.1016 51.3932 255 248 220 
# -65.4862 34.9713 66.9968 255 248 220 
# 72.4489 -11.0804 68.0322 255 248 220 
# -81.8805 -43.2911 37.7023 255 248 220 
# -53.3621 -79.9405 -27.6046 255 248 220 
# -82.1932 47.9218 -30.7861 255 248 220 
# -3.49764 -67.8543 73.3728 255 248 220 
# -46.6302 59.355 65.5943 255 248 220 
# 1.43797 -99.8589 -5.11277 255 248 220 
# 50.8866 -51.0716 -69.2983 255 248 220 
# -53.0486 6.64261 -84.5087 255 248 220 
# -31.8617 86.2921 -39.2237 255 248 220 
# -5.8167 -66.5042 -74.4537 255 248 220 
# 26.3106 -32.0553 90.9957 255 248 220 
# -83.5403 54.2205 -9.00842 255 248 220 
# 84.9155 -12.3321 51.3545 255 248 220 
# -44.8311 -72.6777 52.0396 255 248 220 
# -89.3317 -41.7859 -16.5468 255 248 220 
# 85.0249 -35.3802 38.9744 255 248 220 
# 50.0163 -67.9043 -53.7342 255 248 220 
# -47.9658 30.4613 -82.2884 255 248 220 
# 82.5455 17.2483 53.747 255 248 220 
# 44.6086 -89.3158 5.72411 255 248 220 
# -9.92623 -99.4532 -3.24511 255 248 220 
# -76.5479 -64.3446 0.443756 255 248 220 
# 67.5851 15.1498 -72.13 255 248 220 
# 11.0654 90.0864 41.9762 255 248 220 
# -44.9121 -79.6354 40.5105 255 248 220 
# -33.5265 -36.7256 -86.7595 255 248 220 
# 12.431 52.6148 -84.1258 255 248 220 
# -43.5823 12.6467 -89.1103 255 248 220 
# 57.5257 67.4161 -46.3234 255 248 220 
# 11.2075 -85.4421 50.735 255 248 220 
# 80.8353 48.0024 -34.0797 255 248 220 
# -66.219 -74.531 7.75787 255 248 220 
# 67.9386 44.3117 -58.4878 255 248 220 
# 54.3105 62.88 55.646 255 248 220 
# 74.353 -24.9677 -62.0342 255 248 220 
# -37.3497 49.8895 78.2051 255 248 220 
# -58.3085 44.6119 -67.8962 255 248 220 
# 41.6067 85.4227 31.1744 255 248 220 
# 53.2346 -34.2103 -77.4321 255 248 220 
# -57.8885 29.9808 -75.8292 255 248 220 
# 51.6323 69.8823 49.5032 255 248 220 
# -66.9371 66.6551 32.8105 255 248 220 
# -57.1704 71.6923 -39.897 255 248 220 
# 82.7817 -0.420212 56.0983 255 248 220 
# 1.54858 55.7489 -83.004 255 248 220 
# 7.37809 42.8851 90.0357 255 248 220 
# 71.5255 -65.8183 23.4959 255 248 220 
# -2.10186 -98.5538 16.8149 255 248 220 
# -5.15487 96.1581 -26.9639 255 248 220 
# 10.415 -69.5722 71.072 255 248 220 
# 3.29445 94.1665 -33.4936 255 248 220 
# -55.306 48.995 -67.385 255 248 220 
# 73.843 20.5165 -64.2361 255 248 220 
# 15.4711 57.7191 -80.182 255 248 220 
# 63.0773 -72.4302 -27.841 255 248 220 
# 72.3697 47.5415 -50.0243 255 248 220 
# 58.7521 70.3029 40.0712 255 248 220 
# 26.4193 33.8648 -90.3061 255 248 220 
# 61.7284 32.3339 -71.7225 255 248 220 
# -53.7851 -44.9134 71.3439 255 248 220 
# -56.5967 75.1782 33.8387 255 248 220 
# 61.9918 54.8893 -56.073 255 248 220 
# 39.4498 -77.7579 48.9634 255 248 220 
# 28.3012 62.9526 -72.3602 255 248 220 
# -58.2314 -80.8551 -8.45929 255 248 220 
# -73.0106 2.44183 -68.2897 255 248 220 
# -71.531 -10.3339 69.1124 255 248 220 
# -71.3715 -1.44602 -70.0287 255 248 220 
# 71.9906 67.0125 18.0742 255 248 220 
# -27.5603 -67.7395 -68.204 255 248 220 
# 23.9783 -93.6414 25.6189 255 248 220 
# 43.7161 85.3989 28.2121 255 248 220 
