# 48.2366 -84.263 -23.937 255 248 220 
# -94.4127 -19.8855 -26.2834 255 248 220 
# 38.7306 69.7693 60.2676 255 248 220 
# 75.6774 28.9688 -58.5981 255 248 220 
# -5.78656 92.6921 -37.0768 255 248 220 
# -11.462 -34.7745 -93.0557 255 248 220 
# 33.4525 -64.6848 -68.5333 255 248 220 
# 66.1055 -46.1704 59.147 255 248 220 
# 69.7138 -67.5053 24.1458 255 248 220 
# 84.0544 31.8638 -43.8127 255 248 220 
# 91.7857 12.9132 -37.5318 255 248 220 
# -70.2729 0.772229 71.1416 255 248 220 
# 75.6187 64.816 -8.98327 255 248 220 
# 46.8684 53.8118 70.0546 255 248 220 
# -85.8557 49.1756 -14.5108 255 248 220 
# 57.4944 -72.9708 -37.0088 255 248 220 
# 18.3816 90.7766 -37.7058 255 248 220 
# 60.8 64.6721 -46.0531 255 248 220 
# 79.5284 -10.0321 59.7879 255 248 220 
# -26.8573 21.9134 93.8002 255 248 220 
# -81.769 6.13267 57.2383 255 248 220 
# -37.5996 -21.4457 90.1463 255 248 220 
# -95.4421 10.9133 27.7794 255 248 220 
# 27.2038 -87.9304 -39.0921 255 248 220 
# -63.7333 3.44928 76.9816 255 248 220 
# 70.5293 63.138 -32.2369 255 248 220 
# -59.5451 -55.35 -58.2302 255 248 220 
# 59.9736 34.0413 72.4179 255 248 220 
# 49.3457 85.5962 15.4368 255 248 220 
# 56.0091 -49.4732 66.4484 255 248 220 
# 30.7417 45.8549 83.3803 255 248 220 
# -63.144 76.9437 9.61796 255 248 220 
# 20.8375 43.0911 87.8007 255 248 220 
# 87.5121 -48.3276 -2.46717 255 248 220 
# 7.58008 73.9292 -66.9106 255 248 220 
# 52.1923 78.4476 -33.4954 255 248 220 
# -30.2966 -33.0623 -89.3812 255 248 220 
# 89.0345 -43.0002 -14.9611 255 248 220 
# 4.06203 43.804 89.8037 255 248 220 
# 50.5313 81.1238 29.4196 255 248 220 
# -46.696 55.6885 -68.6897 255 248 220 
# 25.5461 58.9406 76.6382 255 248 220 
# -78.0847 36.8842 50.4215 255 248 220 
# 87.464 12.2822 -46.8956 255 248 220 
# 49.2622 69.3888 -52.5208 255 248 220 
# 59.1048 -62.966 -50.4173 255 248 220 
# 17.8162 84.4516 -50.5026 255 248 220 
# -2.27639 -32.9318 94.3945 255 248 220 
# 56.9159 81.4662 -11.1283 255 248 220 
# 52.8672 70.981 -46.5484 255 248 220 
# -70.6554 -1.02996 70.7584 255 248 220 
# 59.2738 -41.0413 -69.2981 255 248 220 
# -1.0131 90.7735 41.9422 255 248 220 
# -12.4085 -52.7363 -84.053 255 248 220 
# -86.0504 3.77954 -50.804 255 248 220 
# -77.4298 60.2232 -19.4371 255 248 220 
# 4.72921 -65.4566 75.4524 255 248 220 
# 6.60056 -63.3133 77.1224 255 248 220 
# -32.7242 42.6222 84.3355 255 248 220 
# 32.1051 10.5551 94.1162 255 248 220 
# -26.749 -76.9777 -57.9562 255 248 220 
# -22.5967 -70.2279 -67.5088 255 248 220 
# -16.933 -95.1571 25.6592 255 248 220 
# 37.1215 -34.7028 -86.1261 255 248 220 
# 75.2879 -56.1372 34.3563 255 248 220 
# -42.4177 67.4386 60.4383 255 248 220 
# 8.60817 -67.5204 73.2591 255 248 220 
# 67.7417 16.2102 71.7516 255 248 220 
# -83.9496 7.62159 -53.7995 255 248 220 
# 2.72358 -14.478 -98.9089 255 248 220 
# -74.8207 56.6104 -34.5996 255 248 220 
# -87.8168 39.5176 26.9549 255 248 220 
# -51.588 -70.1596 -49.156 255 248 220 
# 45.3716 85.2319 26.0182 255 248 220 
# 19.4279 49.7306 84.5543 255 248 220 
# -13.2221 -96.42 -22.9862 255 248 220 
# 57.7695 -56.756 58.6638 255 248 220 
# 74.7884 63.8716 -18.0861 255 248 220 
# 19.9083 -67.1904 -71.338 255 248 220 
# 28.8146 54.0007 -79.08 255 248 220 
# 5.10398 -65.686 -75.2283 255 248 220 
# -57.3411 -43.3463 -69.5205 255 248 220 
# -16.6901 -51.6598 83.9804 255 248 220 
# 45.3812 1.07353 -89.1033 255 248 220 
# -47.5365 -47.4615 -74.0789 255 248 220 
# -67.854 73.2136 5.9663 255 248 220 
# -76.3683 -44.2636 -46.9959 255 248 220 
# 37.1821 -67.2745 -63.9659 255 248 220 
# 75.4406 49.6826 42.8994 255 248 220 
# 55.1832 -16.2303 81.8009 255 248 220 
# 0.536264 -62.2067 78.2946 255 248 220 
# -32.4134 -63.5038 70.1188 255 248 220 
# 71.4355 -16.9723 67.889 255 248 220 
# -62.6622 36.9969 68.5907 255 248 220 
# -63.1973 -55.3119 -54.2834 255 248 220 
# 51.0322 -36.7307 77.7597 255 248 220 
# -59.928 -2.44776 -80.0165 255 248 220 
# -93.6176 -26.3822 23.2321 255 248 220 
# -88.1854 -45.8503 -11.0041 255 248 220 
# -36.2206 -37.6904 -85.2496 255 248 220 
# -59.704 -71.0245 37.2956 255 248 220 
# 3.47385 99.107 -12.8737 255 248 220 
# 11.8802 47.3888 87.2534 255 248 220 
# -0.859993 27.3764 96.1758 255 248 220 
# -21.1086 88.7249 41.016 255 248 220 
# -44.5465 -50.1149 74.1897 255 248 220 
# 94.6714 -24.9415 -20.3777 255 248 220 
# -7.08162 61.8799 -78.2351 255 248 220 
# -47.6206 -64.8709 59.3637 255 248 220 
# -37.5424 18.069 -90.907 255 248 220 
# 26.2467 65.1076 -71.2188 255 248 220 
# -67.5437 -57.5739 -46.077 255 248 220 
# -58.9104 -31.2776 74.5069 255 248 220 
# 63.8099 -41.7429 64.698 255 248 220 
# -63.7605 75.498 15.3184 255 248 220 
# -79.2091 1.7327 -61.0157 255 248 220 
# -28.2602 -95.5708 -8.22114 255 248 220 
# -25.6473 25.1894 -93.3151 255 248 220 
# -53.1879 -80.4283 26.5016 255 248 220 
# -76.0899 -38.6836 -52.0951 255 248 220 
# -22.3049 -32.4435 -91.9234 255 248 220 
# 4.43089 36.3638 93.0486 255 248 220 
# -64.4167 -20.1255 -73.7933 255 248 220 
# 33.7636 -40.2435 -85.091 255 248 220 
# 13.2123 -27.5903 95.2061 255 248 220 
# -60.5057 49.1324 -62.6504 255 248 220 
# 72.7584 -68.5637 2.288 255 248 220 
# 12.9434 -69.2192 -71.0012 255 248 220 
# -41.5234 77.2209 -48.0909 255 248 220 
# -27.4947 39.5857 87.6186 255 248 220 
# 74.4399 -19.2008 -63.9533 255 248 220 
# -39.3305 -55.1354 -73.5744 255 248 220 
# -82.3959 -1.95573 -56.6312 255 248 220 
# 93.8601 1.07761 34.4836 255 248 220 
# 97.3667 4.47092 22.3546 255 248 220 
# 84.3895 43.0925 31.9603 255 248 220 
# 36.4093 92.9815 -5.36711 255 248 220 
# 16.8544 -35.1599 -92.0854 255 248 220 
# 9.86654 71.9403 -68.755 255 248 220 
# 25.7437 28.4897 92.3342 255 248 220 
# 68.9555 2.66817 72.3741 255 248 220 
# -37.4823 -57.6291 72.622 255 248 220 
# -60.0723 48.245 -63.7475 255 248 220 
# 3.8164 -63.8003 -76.9088 255 248 220 
# 81.8618 45.7083 34.7762 255 248 220 
# 72.8654 -61.3249 30.494 255 248 220 
# -87.8424 14.4399 -45.5543 255 248 220 
# 2.67977 -99.9172 -3.0626 255 248 220 
# -73.3813 45.8431 50.1358 255 248 220 
# -32.8068 -50.5323 -79.8136 255 248 220 
# -46.0214 -59.0234 -66.3195 255 248 220 
# -23.1463 -39.5109 -88.8996 255 248 220 
# -7.81969 82.628 -55.7804 255 248 220 
# -29.6263 -80.1297 -51.976 255 248 220 
# -39.3793 29.2697 -87.1352 255 248 220 
# 28.9798 -27.8206 -91.5761 255 248 220 
# 60.3846 -75.0982 26.7199 255 248 220 
# -88.7689 -13.9851 -43.8692 255 248 220 
# -34.6721 66.2871 66.3616 255 248 220 
# -85.1632 16.9593 49.5945 255 248 220 
# -44.8447 -89.0284 7.93042 255 248 220 
# -85.8425 -46.4313 21.7993 255 248 220 
# 3.62775 -40.0151 91.5731 255 248 220 
# -6.49033 -98.9002 -13.2897 255 248 220 
# -66.0547 15.8138 -73.3941 255 248 220 
# 76.361 -52.3003 -37.8639 255 248 220 
# -90.2011 -41.6781 11.2561 255 248 220 
# 72.2345 -38.209 -57.6389 255 248 220 
# 46.6231 -76.6007 44.2564 255 248 220 
# 61.8493 -24.1985 -74.7603 255 248 220 
# 65.0826 -69.9958 29.4082 255 248 220 
# -8.76798 -73.0665 -67.7083 255 248 220 
# -73.7332 -7.00047 67.1893 255 248 220 
# -34.4192 62.9981 69.6172 255 248 220 
# 67.5555 67.8899 -28.7613 255 248 220 
# 36.9623 -62.514 -68.7444 255 248 220 
# 76.295 -56.0085 -32.282 255 248 220 
# -50.5039 86.121 5.7043 255 248 220 
# 34.137 33.2835 87.9026 255 248 220 
# 65.1563 9.89198 -75.2118 255 248 220 
# -68.8457 -55.117 -47.1422 255 248 220 
# 67.6939 52.5943 -51.4915 255 248 220 
# 74.8072 58.4324 -31.457 255 248 220 
# -17.8449 -63.67 75.018 255 248 220 
# 76.3946 -16.6617 -62.3398 255 248 220 
# 81.3474 33.8527 -47.2927 255 248 220 
# 39.8689 -45.4472 79.6557 255 248 220 
# 58.8719 75.3111 29.3657 255 248 220 
# 2.06461 69.0171 -72.3352 255 248 220 
# 69.4767 24.8414 -67.4973 255 248 220 
# 24.717 80.046 54.605 255 248 220 
# -30.3792 -56.6245 -76.6209 255 248 220 
# 42.5093 -90.0886 -8.77486 255 248 220 
# 27.8635 -78.8187 54.8748 255 248 220 
# 71.6278 -58.4426 -38.1302 255 248 220 
# 70.3823 14.3825 69.5663 255 248 220 
# 4.90187 69.366 71.8632 255 248 220 
# -63.273 54.1243 -55.3813 255 248 220 
# 72.6119 42.4914 -54.0555 255 248 220 
# 28.5592 -69.9153 65.5456 255 248 220 
# 54.747 64.1659 53.7169 255 248 220 
# -67.0115 38.4983 -63.4613 255 248 220 
# 87.9988 -21.2834 42.4645 255 248 220 
# -58.8124 -60.2267 53.9801 255 248 220 
# 56.4386 57.8664 -58.8742 255 248 220 
# 66.5963 -62.8563 -40.1749 255 248 220 
# -5.81732 -92.2838 38.077 255 248 220 
# 75.9169 63.0202 16.281 255 248 220 
# -1.42904 -60.9445 79.2699 255 248 220 
# -27.7908 -71.029 -64.6726 255 248 220 
# -57.4458 44.5668 -68.657 255 248 220 
# 45.8967 -2.89874 -88.798 255 248 220 
# -3.95903 -80.3598 -59.3854 255 248 220 
# 85.5017 -51.758 -3.25135 255 248 220 
# 36.0789 -50.0185 78.7176 255 248 220 
# -68.401 40.3537 -60.7691 255 248 220 
# -27.9612 -57.0139 -77.2501 255 248 220 
# -31.421 -14.2823 -93.8549 255 248 220 
# -70.0889 -18.7273 -68.8246 255 248 220 
# -99.4251 -2.00353 10.5185 255 248 220 
# -59.5049 73.348 -32.8517 255 248 220 
# -42.1682 -89.1531 16.5401 255 248 220 
# -45.1701 -75.5658 47.4286 255 248 220 
# -26.6389 -42.6965 86.414 255 248 220 
# 12.4141 -19.7353 -97.2441 255 248 220 
# 46.6634 22.5371 85.5255 255 248 220 
# 62.023 57.011 -53.8785 255 248 220 
# 28.6489 52.8904 -79.8865 255 248 220 
# -86.1005 -24.4056 -44.6214 255 248 220 
# -52.5335 -85.0772 1.44853 255 248 220 
# 83.2425 11.879 -54.1255 255 248 220 
# -51.6942 -66.8779 53.4328 255 248 220 
# -58.9624 -64.1901 49.021 255 248 220 
# -30.3679 43.4813 -84.7771 255 248 220 
# -23.2161 94.0791 -24.7008 255 248 220 
# -70.5142 -46.9708 53.1176 255 248 220 
# -1.2318 85.8152 51.3249 255 248 220 
# -43.3388 61.5356 65.8417 255 248 220 
# 45.8958 68.2882 -56.8356 255 248 220 
# -57.2772 29.0571 76.6486 255 248 220 
# -51.326 43.9104 73.7395 255 248 220 
# 5.18061 -73.6459 -67.4495 255 248 220 
# 49.1013 -61.5998 -61.5998 255 248 220 
# 71.3872 21.2424 -66.728 255 248 220 
# 50.7049 82.2999 -25.6073 255 248 220 
# -90.6859 38.8372 16.3629 255 248 220 
# 74.1929 64.136 -19.5444 255 248 220 
# -56.0524 63.526 -53.1279 255 248 220 
# 69.9791 -59.8525 -38.9948 255 248 220 
# 48.2485 14.2997 -86.4153 255 248 220 
# -62.796 -52.5245 57.4268 255 248 220 
# 78.8304 -35.4016 -50.3239 255 248 220 
# 70.0907 68.4738 19.9657 255 248 220 
# -56.8299 58.4887 57.8743 255 248 220 
# 88.135 -44.5195 15.8191 255 248 220 
# -52.2118 27.7331 -80.6524 255 248 220 
# -57.5765 20.586 79.1275 255 248 220 
# 61.9026 -21.8665 75.4316 255 248 220 
# 19.9414 -2.93256 97.9476 255 248 220 
# -60.3947 -32.8644 72.6113 255 248 220 
# 68.6779 -29.2934 66.5225 255 248 220 
# 17.8998 -86.236 -47.3599 255 248 220 
# -33.3999 -78.6713 -51.916 255 248 220 
# 96.5824 -22.9709 -12.0075 255 248 220 
# 56.7237 82.1105 6.34671 255 248 220 
# 67.0056 -71.7842 18.9018 255 248 220 
# -73.9726 58.3028 -33.5982 255 248 220 
# 30.4705 -62.7511 71.6509 255 248 220 
# -61.923 -17.8222 -76.4717 255 248 220 
# -80.5958 -38.9817 -44.5505 255 248 220 
# -53.9352 74.6795 -38.9096 255 248 220 
# 80.6647 23.7201 54.1346 255 248 220 
# 24.8419 94.3245 -22.0402 255 248 220 
# -64.0144 45.1866 62.1316 255 248 220 
# -92.088 7.29966 38.2951 255 248 220 
# -74.63 51.4082 -42.2796 255 248 220 
# -61.8121 -71.4155 32.8496 255 248 220 
# 0.47155 -92.801 37.2524 255 248 220 
# 59.6368 -71.6802 -36.1303 255 248 220 
# -96.3704 -14.7044 22.2828 255 248 220 
# -17.7811 -78.7575 -59.0008 255 248 220 
# -31.3383 -66.618 67.6754 255 248 220 
# -45.4474 6.87964 88.81 255 248 220 
# 3.84316 41.8478 90.7414 255 248 220 
# -39.0391 27.1791 87.9616 255 248 220 
# 23.2779 58.1948 -77.9198 255 248 220 
# 18.643 -80.4142 56.4446 255 248 220 
# 18.8414 82.7564 -52.8808 255 248 220 
# 52.7036 24.882 81.2602 255 248 220 
# 30.7673 -32.5609 89.4045 255 248 220 
# -58.9152 -52.5516 61.3786 255 248 220 
# -60.4093 -64.8295 -46.345 255 248 220 
# -86.9013 -29.3252 39.8522 255 248 220 
# -84.4116 13.541 51.878 255 248 220 
# -44.4447 34.3264 82.7428 255 248 220 
# -77.3496 60.9847 -17.2598 255 248 220 
# 70.6941 41.2531 -57.4502 255 248 220 
# -22.6929 -77.7061 -58.7094 255 248 220 
# 24.0356 95.0682 19.6045 255 248 220 
# 16.629 -84.1526 51.3986 255 248 220 
# 10.1443 37.2354 -92.253 255 248 220 
# -57.5704 64.0895 -50.7758 255 248 220 
# 80.233 59.5277 4.3731 255 248 220 
# 72.8115 -37.8695 -57.1348 255 248 220 
# -41.7415 28.2037 86.384 255 248 220 
# 0.105366 -61.0067 -79.2349 255 248 220 
# 77.5618 -27.5793 56.7762 255 248 220 
# 70.6884 28.2287 64.856 255 248 220 
# -65.089 65.089 39.0748 255 248 220 
# 2.72044 -48.9679 87.1478 255 248 220 
# -52.6786 -84.4127 -9.97357 255 248 220 
# 2.56011 -70.5451 70.8296 255 248 220 
# 68.4793 9.33809 72.2729 255 248 220 
# -52.2406 59.8018 -60.7837 255 248 220 
# 39.9963 12.4391 -90.8051 255 248 220 
# -56.9633 -77.2986 -27.9304 255 248 220 
# 9.77751 -56.6391 81.8316 255 248 220 
# 25.151 -88.6602 38.8175 255 248 220 
# 6.88128 57.9993 81.171 255 248 220 
# 47.7301 -87.5051 -8.0434 255 248 220 
# -50.9863 67.8458 52.8898 255 248 220 
# -3.91085 -98.6914 15.6434 255 248 220 
# 80.6552 41.7606 41.8425 255 248 220 
# 64.3287 76.0922 -8.47297 255 248 220 
# 49.6789 51.04 70.1921 255 248 220 
# 46.3977 -37.8439 -80.0943 255 248 220 
# 61.658 -69.5197 36.9499 255 248 220 
# -91.4518 -19.2804 35.5646 255 248 220 
# -11.1043 35.287 -92.906 255 248 220 
# -57.4385 33.5441 -74.67 255 248 220 
# -57.0929 -45.0916 -68.6086 255 248 220 
# -56.9145 14.0508 -81.0143 255 248 220 
# 79.0361 58.3106 18.7926 255 248 220 
# 87.638 36.5877 -31.3198 255 248 220 
# 42.3015 -75.4808 -50.1322 255 248 220 
# -1.29455 -44.9394 89.324 255 248 220 
# 56.7382 -8.27682 -81.9285 255 248 220 
# 69.5232 67.9134 -23.5433 255 248 220 
# 74.3449 64.8873 16.2013 255 248 220 
# -86.7517 -36.2239 34.0877 255 248 220 
# 40.7461 74.1094 53.3625 255 248 220 
# -11.237 -36.3866 92.4648 255 248 220 
# 9.59295 -13.2282 98.6559 255 248 220 
# -3.77864 64.931 75.9585 255 248 220 
# 63.2344 -77.3082 -4.98448 255 248 220 
# -75.2333 -58.8658 29.5765 255 248 220 
# 36.5295 78.0481 -50.7355 255 248 220 
# 85.3821 22.7875 46.8041 255 248 220 
# -75.9552 36.4478 -53.8736 255 248 220 
# -69.9346 5.2451 -71.2856 255 248 220 
# 38.6901 -71.388 58.368 255 248 220 
# -52.4964 51.311 67.9066 255 248 220 
# 84.0613 38.0113 -38.5855 255 248 220 
# -4.36107 3.44295 -99.8455 255 248 220 
# 59.087 58.5808 -55.4709 255 248 220 
# 50.2086 -80.1919 -32.3784 255 248 220 
# 99.7292 -2.78885 6.80479 255 248 220 
# 68.5138 64.5624 -33.7277 255 248 220 
# 17.4463 -87.2317 -45.6755 255 248 220 
# -24.9542 39.5967 88.3708 255 248 220 
# -11.3384 -72.9355 -67.4674 255 248 220 
# -71.587 52.4691 -46.0684 255 248 220 
# 70.7182 21.1205 -67.4749 255 248 220 
# -45.6296 -67.0361 -58.5158 255 248 220 
# -83.8274 -41.7656 -35.0515 255 248 220 
# -91.1025 12.2835 39.363 255 248 220 
# -51.8693 -14.7559 84.2131 255 248 220 
# -67.9037 73.206 -5.47335 255 248 220 
# -44.9451 88.8028 9.69581 255 248 220 
# 87.4633 40.9925 25.8801 255 248 220 
# -52.7127 57.5523 -62.5228 255 248 220 
# -29.5437 94.2443 -15.6581 255 248 220 
# -32.3996 30.7796 -89.4588 255 248 220 
# -32.8209 24.4572 91.2394 255 248 220 
# -23.7664 97.0378 4.33909 255 248 220 
# 39.5661 -84.7845 35.3002 255 248 220 
# 92.4876 19.5647 32.6078 255 248 220 
# -92.8756 33.0522 16.7835 255 248 220 
# -10.0426 48.6951 -86.7637 255 248 220 
# 35.8486 -81.9515 44.7083 255 248 220 
# -92.8056 -10.1592 -35.8317 255 248 220 
# -54.8862 -75.5692 -35.7324 255 248 220 
# -79.5985 36.3484 -48.4032 255 248 220 
# -65.9449 -58.0398 -47.7771 255 248 220 
# 61.7529 -78.6168 2.44405 255 248 220 
# 51.9851 74.561 41.6919 255 248 220 
# -73.56 -0.485011 67.7399 255 248 220 
# 57.5772 -76.5036 -28.8456 255 248 220 
# -35.1751 -62.3559 -69.8173 255 248 220 
# -14.7298 34.8354 92.5718 255 248 220 
# 78.2159 -13.631 -60.7986 255 248 220 
# -70.9084 -58.3152 39.64 255 248 220 
# 78.0979 -61.9103 -8.23578 255 248 220 
# 21.864 69.5443 -68.4511 255 248 220 
# -92.5548 31.6582 -20.7694 255 248 220 
# 66.0078 -13.531 -73.891 255 248 220 
# -49.3475 86.9727 -0.756284 255 248 220 
# 72.2538 -17.4406 66.897 255 248 220 
# 86.1766 48.0075 -16.3972 255 248 220 
# -19.914 -78.9392 58.0693 255 248 220 
# -75.4387 -34.0596 -56.1155 255 248 220 
# 67.0389 -41.2786 -61.6592 255 248 220 
# -37.3537 -73.1064 57.0977 255 248 220 
# 14.8282 -98.0433 12.947 255 248 220 
# 17.476 -74.3231 64.5807 255 248 220 
# 57.9488 57.2118 -58.0409 255 248 220 
# 39.8886 86.7659 -29.6746 255 248 220 
# 64.2863 5.9271 -76.3685 255 248 220 
# -66.4144 37.3765 64.7467 255 248 220 
# 47.0192 -76.6176 -43.8057 255 248 220 
# 70.1496 30.1586 -64.5716 255 248 220 
# -83.5912 -20.2309 51.0218 255 248 220 
# -74.6499 13.5174 65.1512 255 248 220 
# 41.313 -8.31298 -90.687 255 248 220 
# -28.3898 50.2589 -81.6582 255 248 220 
# -79.7385 -37.2457 -47.4818 255 248 220 
# -61.6849 49.6455 -61.0762 255 248 220 
# -34.0311 -60.0433 72.3649 255 248 220 
# -70.5603 57.4936 -41.4215 255 248 220 
# -49.5134 4.49271 -86.7654 255 248 220 
# 10.628 1.88204 99.4158 255 248 220 
# 80.058 0.846279 -59.9166 255 248 220 
# -62.4681 12.3811 77.1002 255 248 220 
# 61.5414 -9.32059 -78.2674 255 248 220 
# 12.4732 -12.145 98.4729 255 248 220 
# -3.94189 -71.4847 -69.8169 255 248 220 
# 39.8342 -55.7833 72.8111 255 248 220 
# 45.8935 -88.2747 10.0685 255 248 220 
# -26.408 -25.7986 92.9357 255 248 220 
# 67.2387 72.6933 13.9512 255 248 220 
# 20.4775 -46.2509 -86.2643 255 248 220 
# 67.1384 62.549 39.7501 255 248 220 
# -82.3908 -56.3435 -6.09618 255 248 220 
# 63.0229 36.4563 -68.5496 255 248 220 
# 60.9377 -79.1918 3.9051 255 248 220 
# -30.4969 -85.7387 -41.4585 255 248 220 
# -15.931 -98.6272 4.34481 255 248 220 
# 70.1068 38.7389 -59.8693 255 248 220 
# 57.3487 -65.7178 48.9111 255 248 220 
# -11.7748 -45.761 -88.1322 255 248 220 
# -82.8062 54.8414 -11.6429 255 248 220 
# -95.9927 -22.7983 16.2988 255 248 220 
# -87.1533 45.3271 -18.702 255 248 220 
# 55.1989 -82.4698 -12.3212 255 248 220 
# -74.7497 -65.2642 -12.3724 255 248 220 
# -95.2622 6.0977 29.7982 255 248 220 
# 36.903 -12.7895 -92.0576 255 248 220 
# 88.2395 23.4986 40.7628 255 248 220 
# 32.7491 -26.8318 -90.5955 255 248 220 
# 58.7942 -80.4725 8.21148 255 248 220 
# -14.1133 -74.8617 64.7808 255 248 220 
# 67.0356 30.9845 67.4254 255 248 220 
# 23.1797 -66.4434 71.0491 255 248 220 
# 46.1225 74.0285 -48.9131 255 248 220 
# -35.2566 3.16676 93.5251 255 248 220 
# -63.3936 -75.593 16.3386 255 248 220 
# -12.4949 54.9776 82.5914 255 248 220 
# 74.3556 -18.9361 -64.1301 255 248 220 
# 60.9667 -79.2129 -2.89482 255 248 220 
# -39.7549 33.7053 -85.3434 255 248 220 
# -0.873339 90.0787 43.4174 255 248 220 
# -13.7243 -65.3173 74.4668 255 248 220 
# -59.1358 49.4694 -63.6847 255 248 220 
# 21.8544 -90.0105 37.6896 255 248 220 
# -60.7213 55.6002 -56.7586 255 248 220 
# 22.034 71.1171 66.7597 255 248 220 
# 74.6292 -53.9794 -38.9449 255 248 220 
# -16.2543 27.24 -94.8355 255 248 220 
# -59.5963 -72.5696 34.3793 255 248 220 
# 26.1809 -65.4523 70.9265 255 248 220 
# -45.2225 84.7921 -27.6627 255 248 220 
# -66.0749 -55.3499 -50.7 255 248 220 
# 11.6471 14.5301 98.2508 255 248 220 
# -59.8261 -65.9771 45.4737 255 248 220 
# 63.4488 -60.26 48.4043 255 248 220 
# -22.7486 -65.0507 72.4632 255 248 220 
# 56.7785 -62.1526 53.9746 255 248 220 
# 35.1959 82.1979 -44.7745 255 248 220 
# -45.827 -65.0282 -60.5906 255 248 220 
# 32.7099 17.9275 -92.7829 255 248 220 
# -62.5326 -45.8235 63.1655 255 248 220 
# -72.3448 -43.1998 53.8518 255 248 220 
# -43.6787 66.3391 -60.7561 255 248 220 
# 74.7259 -14.7595 -64.7934 255 248 220 
# -80.7126 23.2562 -54.2644 255 248 220 
# 97.6821 21.389 -0.842087 255 248 220 
# -76.4866 15.8815 62.4306 255 248 220 
# 40.2576 43.2572 -80.6731 255 248 220 
# -44.3996 53.5278 -71.8572 255 248 220 
# 19.7808 98.0098 -1.67634 255 248 220 
# 34.6442 75.0363 -56.2969 255 248 220 
# 10.3327 2.25068 -99.4393 255 248 220 
# 77.4058 -48.4405 40.7659 255 248 220 
# 14.3811 -83.1005 -53.7354 255 248 220 
# 23.5632 4.20772 97.0931 255 248 220 
# 98.321 1.71847 -18.1667 255 248 220 
# -69.9906 -19.9382 -68.5842 255 248 220 
# -80.2582 20.8749 -55.8825 255 248 220 
# 57.5918 49.0268 65.4183 255 248 220 
# 45.5479 -46.4619 -75.9386 255 248 220 
# -15.7252 16.583 97.3536 255 248 220 
# 50.9325 -27.2777 81.6199 255 248 220 
# -37.1408 -76.6623 -52.378 255 248 220 
# 46.001 -41.8101 78.3315 255 248 220 
# -29.6774 90.5943 -30.1981 255 248 220 
# 67.0347 0 -74.2048 255 248 220 
# 89.9931 -43.3262 4.90682 255 248 220 
# -81.8674 53.6275 -20.5382 255 248 220 
# -66.1914 58.5778 46.769 255 248 220 
# 18.0887 87.3373 45.2217 255 248 220 
# 50.8665 82.1273 -25.8398 255 248 220 
# -43.7317 66.1721 60.8999 255 248 220 
# -25.0015 75.7713 60.2796 255 248 220 
# -24.5087 -51.6169 82.0672 255 248 220 
# -42.3096 25.9523 86.8123 255 248 220 
# -72.3273 -27.3124 -63.4255 255 248 220 
# 21.9127 -89.718 -38.3472 255 248 220 
# 36.1047 47.6423 -80.1664 255 248 220 
# -52.5442 66.0452 53.6389 255 248 220 
# 75.805 65.0794 4.27411 255 248 220 
# 48.8346 0.187465 -87.2648 255 248 220 
# -70.7787 60.3591 36.7036 255 248 220 
# 67.383 -47.5644 56.5434 255 248 220 
# 8.17077 38.5193 -91.9212 255 248 220 
# -98.5119 12.2069 12.0998 255 248 220 
# 57.4265 -55.8077 59.8974 255 248 220 
# -36.0832 93.2626 -0.286375 255 248 220 
# 8.16663 81.5829 -57.2497 255 248 220 
# -57.731 -74.6374 33.1116 255 248 220 
# -64.1832 63.0833 -43.6006 255 248 220 
# 56.1157 -81.8812 -12.1034 255 248 220 
# -93.0364 -31.8982 -18.0756 255 248 220 
# 91.9939 11.4153 -37.5074 255 248 220 
# -39.3201 -86.4865 -31.2092 255 248 220 
# 51.7318 -21.8677 82.7383 255 248 220 
# -26.8088 -44.8822 -85.246 255 248 220 
# 95.0753 1.4223 30.9624 255 248 220 
# -29.86 22.8615 -92.6592 255 248 220 
# 65.0457 -44.8677 61.2858 255 248 220 
# 6.33504 30.798 -94.9281 255 248 220 
# -26.8741 -69.0213 -67.1852 255 248 220 
# -76.216 -27.798 58.4671 255 248 220 
# 23.6246 55.2107 79.9603 255 248 220 
# -54.5228 8.58708 -83.3878 255 248 220 
# 52.297 -64.944 -55.2024 255 248 220 
# 16.1616 48.838 -85.7535 255 248 220 
# 54.4075 -32.5294 -77.3412 255 248 220 
# -46.6569 45.4008 -75.9072 255 248 220 
# 82.5759 11.3898 55.2404 255 248 220 
# -42.45 63.3303 -64.7092 255 248 220 
# -74.5694 -50.16 -43.8564 255 248 220 
# 19.4437 87.2376 44.8502 255 248 220 
# -63.8663 -62.3837 45.0485 255 248 220 
# -91.655 -39.4993 6.25869 255 248 220 
# -64.917 -65.4907 -38.6879 255 248 220 
# -7.22306 -77.9919 -62.1699 255 248 220 
# 56.8682 34.9038 74.4831 255 248 220 
# -58.3721 71.3795 -38.6997 255 248 220 
# -79.6066 29.4409 -52.8774 255 248 220 
# -48.7615 36.657 79.2375 255 248 220 
# 34.5007 93.1248 11.7248 255 248 220 
# 29.2056 52.4373 -79.9835 255 248 220 
# 46.8619 -77.8591 41.7364 255 248 220 
# 90.3584 37.0629 -21.4871 255 248 220 
# 56.9595 -79.1425 -22.183 255 248 220 
# -86.2165 39.8583 31.2734 255 248 220 
# -55.5885 -74.6903 36.4867 255 248 220 
# -67.4009 41.3392 61.2225 255 248 220 
# 16.8068 -25.9842 -95.0913 255 248 220 
# -45.8448 58.6017 66.8139 255 248 220 
# -80.5197 -22.6557 -54.8024 255 248 220 
# -57.7637 51.6764 63.1894 255 248 220 
# -44.7003 83.2757 32.6656 255 248 220 
# -5.89354 93.0559 36.1367 255 248 220 
# 83.4725 26.9459 48.0236 255 248 220 
# 63.5685 8.94668 76.6746 255 248 220 
# -58.635 69.0493 -42.3572 255 248 220 
# -2.08261 71.2715 -70.1145 255 248 220 
# 11.4805 98.3089 14.2671 255 248 220 
# -16.0261 -78.7267 59.5422 255 248 220 
# -92.4359 27.8042 26.1255 255 248 220 
# -80.2444 39.5284 -44.7028 255 248 220 
# -63.175 48.9208 -60.1304 255 248 220 
# 10.5055 98.2488 15.3884 255 248 220 
# -19.064 51.6847 -83.4581 255 248 220 
# -72.0747 50.1472 47.8591 255 248 220 
# 21.2819 -87.9959 -42.4712 255 248 220 
# 37.4512 -33.0125 -86.6463 255 248 220 
# 17.5995 49.4172 -85.1363 255 248 220 
# 59.7304 -12.0632 79.2891 255 248 220 
# -89.8944 -43.4589 5.50678 255 248 220 
# -86.1129 43.4287 26.4295 255 248 220 
# -33.0967 -48.4631 -80.9688 255 248 220 
# -51.7285 79.0369 32.8226 255 248 220 
# -98.8646 9.27891 -11.8196 255 248 220 
# -45.318 -63.2724 -62.7923 255 248 220 
# 11.2764 90.1159 41.8566 255 248 220 
# 68.272 -71.3466 -15.7672 255 248 220 
# 11.058 -94.929 29.4314 255 248 220 
# 22.6601 -59.6318 -77.0102 255 248 220 
# -89.3166 -0.720295 -44.967 255 248 220 
# 67.9579 70.6107 -19.8958 255 248 220 
# 47.0807 -69.4865 -54.3602 255 248 220 
# -95.1044 -20.0818 23.4919 255 248 220 
# 40.8555 14.5513 90.106 255 248 220 
# -92.1171 -38.4808 5.80172 255 248 220 
# 53.6226 44.2687 -71.8672 255 248 220 
# -21.8499 -77.0947 59.8247 255 248 220 
# -16.4094 -98.3088 8.1308 255 248 220 
# -60.3461 34.0736 -72.0925 255 248 220 
# -57.1156 -60.6464 55.3156 255 248 220 
# -64.0903 65.8154 -39.5065 255 248 220 
# 72.0425 56.8247 -39.7597 255 248 220 
# -42.3653 -88.7782 17.9895 255 248 220 
# -44.4384 -63.4196 -63.2707 255 248 220 
# -79.0225 61.2529 -1.88149 255 248 220 
# -66.9907 -46.0646 -58.2262 255 248 220 
# 80.4078 16.3328 -57.1649 255 248 220 
# 38.78 58.0197 71.6228 255 248 220 
# -64.3288 29.1197 -70.8085 255 248 220 
# -18.0452 -27.1476 -94.5377 255 248 220 
# -79.5276 -53.8964 -27.7587 255 248 220 
# -58.1164 -45.3764 67.5534 255 248 220 
# 52.3754 -73.6628 42.7856 255 248 220 
# -81.2419 50.2085 29.6457 255 248 220 
# 46.4716 -24.1182 85.198 255 248 220 
# 69.9338 -64.4825 30.8426 255 248 220 
# -70.1312 -71.0199 6.14667 255 248 220 
# -45.3651 20.0252 86.839 255 248 220 
# -57.0161 -54.6182 61.3678 255 248 220 
# 55.1583 -49.7938 66.919 255 248 220 
# 17.5768 38.5337 90.5881 255 248 220 
# 76.802 -20.595 -60.6407 255 248 220 
# -34.3568 48.9672 80.1363 255 248 220 
# -11.5077 32.1788 -93.9792 255 248 220 
# 59.8048 61.1136 -51.8509 255 248 220 
# -39.8102 6.12465 91.5294 255 248 220 
# -62.0028 -24.7821 -74.4413 255 248 220 
# -92.2104 -23.8475 -30.4718 255 248 220 
# -46.5383 -71.9991 -51.4812 255 248 220 
# -14.5427 91.3765 -37.9321 255 248 220 
# -32.6449 -36.6797 87.1143 255 248 220 
# -14.219 43.9089 -88.7121 255 248 220 
# 44.7441 -89.3686 -3.34983 255 248 220 
# -76.2146 38.3021 52.1947 255 248 220 
# -81.5751 -57.2702 8.10163 255 248 220 
# -49.0098 -66.3338 -56.5497 255 248 220 
# 48.2774 -6.94184 87.2989 255 248 220 
# 45.0186 -89.2806 -1.51323 255 248 220 
# -84.2111 24.5823 48.002 255 248 220 
# 1.09182 22.5643 -97.4149 255 248 220 
# -26.94 -69.8788 -66.2661 255 248 220 
# 99.1781 11.3587 -5.88968 255 248 220 
# -65.0915 52.4123 54.9186 255 248 220 
# 32.8413 80.4792 -49.4424 255 248 220 
# -36.2571 78.8197 -49.7281 255 248 220 
# 52.9014 -26.3029 80.6821 255 248 220 
# -17.547 -46.084 -86.9963 255 248 220 
# -56.1353 77.9788 -27.7153 255 248 220 
# -80.4584 -59.1489 5.27759 255 248 220 
# -66.7001 51.5527 -53.7904 255 248 220 
# 3.25126 52.2444 85.2054 255 248 220 
# 79.6932 -23.972 -55.4467 255 248 220 
# -27.8184 -46.7441 83.9114 255 248 220 
# -60.2435 53.1094 59.5829 255 248 220 
# -22.3875 -94.582 23.5171 255 248 220 
# 96.1246 2.62033 27.4445 255 248 220 
# 3.17827 -99.4936 9.53481 255 248 220 
# 2.56392 50.4237 86.3185 255 248 220 
# 29.1688 -81.3164 -50.367 255 248 220 
# -34.6139 93.8057 1.53612 255 248 220 
# -37.3858 61.2247 -69.6695 255 248 220 
# 9.77092 79.4998 59.8691 255 248 220 
# 14.7048 80.8765 56.9452 255 248 220 
# -54.8884 -79.9438 -24.4184 255 248 220 
# -76.9767 -47.4945 42.6481 255 248 220 
# -57.7573 -50.1549 64.4095 255 248 220 
# 91.1896 30.4622 27.5047 255 248 220 
# 6.43489 -35.3919 93.306 255 248 220 
# 92.4215 -7.96247 -37.3478 255 248 220 
# 62.8318 61.8161 47.2327 255 248 220 
# 16.1192 98.4191 -7.33884 255 248 220 
# 15.0176 3.75441 98.7946 255 248 220 
# -48.5064 -79.751 -35.8735 255 248 220 
# 11.7926 48.8084 -86.4793 255 248 220 
# 90.968 -25.9777 32.4033 255 248 220 
# -53.2625 -22.9997 -81.4501 255 248 220 
# -76.9887 -7.76543 63.3438 255 248 220 
# 71.545 57.6471 -39.4731 255 248 220 
# 74.9268 -19.8768 -63.1735 255 248 220 
# 92.3088 38.3901 -2.30053 255 248 220 
# 46.7603 63.9402 61.0338 255 248 220 
# 68.7849 -34.6264 63.7937 255 248 220 
# 74.4968 65.1535 -14.3263 255 248 220 
# 32.8228 80.4437 -49.5124 255 248 220 
# -2.5441 44.5218 -89.5061 255 248 220 
# 47.5991 22.9698 -84.8924 255 248 220 
# -43.7679 -89.2778 -10.6698 255 248 220 
# -70.5708 -70.8497 0.278936 255 248 220 
# -51.5852 -57.5942 63.4183 255 248 220 
# -48.0904 -85.6541 18.7265 255 248 220 
# 75.8892 -3.09752 -65.0479 255 248 220 
# -16.75 -82.8324 -53.4624 255 248 220 
# 69.8948 1.45455 -71.5025 255 248 220 
# 48.8608 34.0569 80.329 255 248 220 
# -74.6379 34.3353 -57.0112 255 248 220 
# 17.7833 50.0852 -84.7067 255 248 220 
# -15.2705 98.7627 3.56974 255 248 220 
# -10.2648 67.3814 73.1737 255 248 220 
# 22.6254 52.8988 -81.7913 255 248 220 
# -84.0658 0.8975 54.1492 255 248 220 
# 68.18 40.8399 60.6926 255 248 220 
# -40.3381 -77.4316 -48.7565 255 248 220 
# -75.2454 -49.3966 43.5672 255 248 220 
# 11.1371 75.7321 -64.3476 255 248 220 
# 67.9896 1.12803 -73.3222 255 248 220 
# 21.3883 71.6182 -66.4332 255 248 220 
# -81.4172 -42.3074 -39.7657 255 248 220 
# -77.6983 62.7151 5.45814 255 248 220 
# 67.3596 -67.9415 29.097 255 248 220 
# 68.6791 -0.528882 -72.6835 255 248 220 
# -82.2396 8.53149 56.2483 255 248 220 
# 15.6944 68.1513 -71.4779 255 248 220 
# 89.7697 41.2559 -15.471 255 248 220 
# -11.8742 -95.9073 25.7058 255 248 220 
# 33.0846 90.7515 25.8762 255 248 220 
# 76.9348 63.6701 -5.2111 255 248 220 
# 37.5269 -88.4563 -27.6985 255 248 220 
# 39.9316 -85.1312 34.0314 255 248 220 
# -66.4762 -10.9878 73.893 255 248 220 
# 29.7894 68.2553 66.7369 255 248 220 
# -6.95844 83.7001 -54.2759 255 248 220 
# -70.681 -70.0769 9.66578 255 248 220 
# -71.8252 32.1228 -61.7192 255 248 220 
# -55.825 65.894 50.4137 255 248 220 
# -50.3126 71.3702 48.7333 255 248 220 
# 13.6433 95.2043 -27.3862 255 248 220 
# 77.0141 -60.6445 19.7754 255 248 220 
# -14.2511 -94.6458 28.9669 255 248 220 
# -32.7863 84.2483 -42.7467 255 248 220 
# 74.2453 -39.0461 -54.4337 255 248 220 
# -24.4294 -71.0538 65.9891 255 248 220 
# -77.4604 -37.4107 -50.9934 255 248 220 
# -57.7177 -59.4514 -55.984 255 248 220 
# -88.8536 6.19909 45.46 255 248 220 
# 10.4922 -29.5845 -94.9456 255 248 220 
# -38.165 70.4641 -59.8184 255 248 220 
# 12.8771 30.2785 -94.4319 255 248 220 
# 63.2596 -45.5347 62.6484 255 248 220 
# 42.4701 87.3998 -23.6127 255 248 220 
# 72.6005 -68.425 6.86944 255 248 220 
# -44.318 30.1123 84.4344 255 248 220 
# 11.5916 -5.5198 -99.1724 255 248 220 
# 60.6411 -55.2253 57.2086 255 248 220 
# 62.1906 42.6578 65.6706 255 248 220 
# -91.1371 -1.98124 -41.1108 255 248 220 
# -35.1085 17.1307 -92.054 255 248 220 
# -53.5355 66.3485 52.2669 255 248 220 
# 4.34723 85.2957 52.0169 255 248 220 
# -52.3994 -65.9844 -53.8549 255 248 220 
# -82.2394 -37.0398 -43.1826 255 248 220 
# -65.6432 -61.8089 43.2509 255 248 220 
# -69.2167 -70.3639 -16.0613 255 248 220 
# 14.3364 39.5194 -90.7342 255 248 220 
# 50.2913 69.3637 -51.5699 255 248 220 
# -39.2965 5.38742 91.7974 255 248 220 
# 70.6926 -70.0595 9.70704 255 248 220 
# 41.2423 23.8006 87.9352 255 248 220 
# -40.4506 -65.0489 64.2836 255 248 220 
# -33.9803 -28.8695 -89.5092 255 248 220 
# 76.1329 -53.8198 -36.1554 255 248 220 
# 67.3344 64.4068 -36.302 255 248 220 
# 48.7575 -70.2719 51.8128 255 248 220 
# -64.9523 75.3599 10.1037 255 248 220 
# 73.0786 -0.229446 -68.2603 255 248 220 
# 38.6244 -62.7646 -67.5926 255 248 220 
# -74.2337 51.999 42.2547 255 248 220 
# -80.5734 56.9412 -16.298 255 248 220 
# 79.3824 -47.7451 -37.6674 255 248 220 
# -23.3358 -56.256 79.314 255 248 220 
# -84.2346 -19.538 -50.2274 255 248 220 
# 22.4798 -68.3881 -69.4099 255 248 220 
# 23.7423 -53.9264 -80.7976 255 248 220 
# -80.8843 53.9228 -23.4534 255 248 220 
# 50.7271 19.8768 -83.8551 255 248 220 
# 59.7597 -40.2326 -69.355 255 248 220 
# -5.01325 55.5725 -82.9854 255 248 220 
# 73.1989 2.84821 -68.0721 255 248 220 
# -95.8374 -5.94853 -27.925 255 248 220 
# -75.3251 -34.2191 -56.171 255 248 220 
# -81.9068 35.1029 -45.3769 255 248 220 
# 53.513 -18.1545 82.5032 255 248 220 
# 57.325 -40.4156 71.2771 255 248 220 
# 30.5019 88.9177 34.1067 255 248 220 
# 73.165 59.2126 33.775 255 248 220 
# -46.4756 42.6382 77.6015 255 248 220 
# -84.5963 50.0474 -18.4045 255 248 220 
# -21.9395 97.4958 -3.63703 255 248 220 
# -51.9002 -69.6073 -49.6105 255 248 220 
# 65.7322 -55.8877 -50.5553 255 248 220 
# -67.071 13.33 -72.9643 255 248 220 
# 0.359324 -94.5023 32.6985 255 248 220 
# -51.8304 72.6677 45.089 255 248 220 
# -62.9476 50.5066 59.0482 255 248 220 
# -40.8627 29.8554 -86.249 255 248 220 
# 75.0287 51.2593 41.7515 255 248 220 
# -33.9063 1.38176 -94.0662 255 248 220 
# -19.8708 10.8497 97.4035 255 248 220 
# -46.9701 -55.7314 68.4677 255 248 220 
# 60.1849 73.3728 -31.5311 255 248 220 
# 62.5808 76.1946 -16.6742 255 248 220 
# 14.2071 -62.3441 76.8855 255 248 220 
# 7.06289 -36.2438 92.9328 255 248 220 
# -56.2236 81.108 16.1367 255 248 220 
# 10.0402 -19.5882 97.5474 255 248 220 
# -67.4632 65.039 -34.9091 255 248 220 
# -60.5713 -68.9581 39.6975 255 248 220 
# -55.1832 64.4476 52.9276 255 248 220 
# -61.193 37.873 69.4338 255 248 220 
# 77.5887 58.5054 -23.603 255 248 220 
# -3.92233 63.9458 76.7825 255 248 220 
# 1.09355 -82.5019 56.4999 255 248 220 
# 49.3753 -51.623 69.9796 255 248 220 
# 99.6082 -2.95448 -8.33585 255 248 220 
# 31.5933 -92.2829 -22.0393 255 248 220 
# -64.3901 -53.6785 -54.521 255 248 220 
# 67.2245 10.8963 -73.2267 255 248 220 
# 4.66538 -50.6788 86.0807 255 248 220 
# 8.72785 -38.8637 -91.7248 255 248 220 
# -26.3967 82.771 49.5194 255 248 220 
# -67.7812 3.56743 -73.4369 255 248 220 
# 61.8167 10.6487 -77.88 255 248 220 
# -15.3945 -69.6305 -70.1042 255 248 220 
# -31.046 82.4961 -47.2286 255 248 220 
# 14.5914 -14.3482 97.8837 255 248 220 
# -40.1846 75.6735 -51.5627 255 248 220 
# 74.3599 -32.129 58.6373 255 248 220 
# 68.532 -55.3374 -47.3407 255 248 220 
# 15.9092 31.0886 93.7038 255 248 220 
# 35.6157 -88.1286 31.0625 255 248 220 
# 20.3469 87.0258 44.8612 255 248 220 
# 70.0838 57.4121 -42.3334 255 248 220 
# -81.3779 26.9512 51.4904 255 248 220 
# -68.5464 -12.3853 -71.7495 255 248 220 
# -77.3424 -12.6773 -62.1083 255 248 220 
# -76.4033 -64.133 -7.035 255 248 220 
# -66.2398 -42.452 61.7262 255 248 220 
# -49.4858 -53.8522 68.1989 255 248 220 
# -99.4501 -8.99211 5.36843 255 248 220 
# -63.6398 -77.0431 -3.78565 255 248 220 
# -83.1438 53.3416 -15.549 255 248 220 
# -80.0552 -15.7569 -57.8177 255 248 220 
# -68.4028 -49.6388 -53.4514 255 248 220 
# 78.0774 24.6482 57.4142 255 248 220 
# 2.80841 -9.94645 -99.4645 255 248 220 
# 35.6402 78.6664 -50.4121 255 248 220 
# 32.5144 74.422 -58.3454 255 248 220 
# 58.3395 61.8942 -52.5891 255 248 220 
# 10.2108 30.9268 -94.5477 255 248 220 
# -48.7398 81.1484 32.2393 255 248 220 
# -90.1807 3.99371 43.0291 255 248 220 
# -26.8591 51.0323 -81.6964 255 248 220 
# -68.3043 18.7837 -70.5811 255 248 220 
# -82.1665 56.8613 -3.9319 255 248 220 
# 17.1926 -62.0466 76.5156 255 248 220 
# 69.6609 49.4182 52.0116 255 248 220 
# -61.5033 78.0941 10.893 255 248 220 
# 53.1529 -24.5832 81.0582 255 248 220 
# 52.0219 72.4548 -45.2109 255 248 220 
# -4.05828 -16.4264 -98.5581 255 248 220 
# -20.1261 -85.3834 -48.0064 255 248 220 
# 42.6644 74.3471 -51.5002 255 248 220 
# 48.5046 -4.58551 87.3286 255 248 220 
# -73.336 -66.8273 -12.4876 255 248 220 
# -30.8079 73.1005 60.8867 255 248 220 
# 44.9415 -15.623 -87.9556 255 248 220 
# -48.2042 -52.4397 70.1885 255 248 220 
# -30.8446 89.5522 -32.0784 255 248 220 
# -22.687 -42.7928 87.4876 255 248 220 
# 36.3253 -35.495 86.1428 255 248 220 
# -61.2849 -38.2867 -69.1252 255 248 220 
# 63.292 -74.4729 -21.1639 255 248 220 
# -14.1979 -98.9766 1.43 255 248 220 
# 41.8142 -26.167 86.9877 255 248 220 
# -50.1595 85.8515 10.6556 255 248 220 
# 88.0709 45.1424 -14.3416 255 248 220 
# -60.4736 22.7849 76.3138 255 248 220 
# -50.5645 61.971 -60.0236 255 248 220 
# 65.9291 -18.722 72.8206 255 248 220 
# -12.1286 70.9059 69.464 255 248 220 
# 98.8328 14.2184 5.46862 255 248 220 
# 34.6871 -88.1967 -31.9085 255 248 220 
# 50.4452 -73.9205 -44.6211 255 248 220 
# 92.4111 31.2144 -22.0418 255 248 220 
# 13.3643 90.1338 -41.1983 255 248 220 
# -58.7266 14.5974 79.6122 255 248 220 
# -32.583 86.3678 38.4571 255 248 220 
# 4.28934 -87.717 47.8261 255 248 220 
# -98.0962 19.1741 -3.08155 255 248 220 
# 90.0165 38.8002 19.7881 255 248 220 
# 61.6385 -70.3233 35.4306 255 248 220 
# -11.3931 48.8705 86.4978 255 248 220 
# 30.292 -40.0238 -86.4898 255 248 220 
# 79.661 -45.3511 39.9674 255 248 220 
# -40.2257 54.5514 73.5258 255 248 220 
# 80.3498 -59.5283 0.533886 255 248 220 
# -64.0398 -35.509 -68.103 255 248 220 
# -18.4917 -29.5504 93.7274 255 248 220 
# 39.7891 57.5376 71.458 255 248 220 
# 45.1767 -65.0806 -61.0212 255 248 220 
# -7.36956 30.7065 94.8831 255 248 220 
# -24.9437 93.8951 23.6965 255 248 220 
# 91.7028 -38.9956 8.36314 255 248 220 
# 55.6621 76.2423 32.9978 255 248 220 
# -34.4624 62.0483 70.444 255 248 220 
# -54.847 -74.0279 -38.8802 255 248 220 
# 88.6807 39.1352 24.58 255 248 220 
# -55.3216 -27.7957 78.5297 255 248 220 
# -54.3679 -68.0901 -49.07 255 248 220 
# -27.518 82.5541 49.2704 255 248 220 
# 7.92419 -94.4389 31.9138 255 248 220 
# 66.3553 49.694 55.9239 255 248 220 
# -56.7222 -27.4748 77.6385 255 248 220 
# -69.2369 14.7682 -70.6268 255 248 220 
# -63.6465 41.2225 65.1907 255 248 220 
# -58.3426 28.0473 -76.22 255 248 220 
# 10.0264 98.8646 11.1922 255 248 220 
# 12.4407 -66.9487 73.2332 255 248 220 
# 67.6465 -64.9188 34.7779 255 248 220 
# 69.1259 -13.2369 71.0379 255 248 220 
# -65.0568 5.9659 75.7102 255 248 220 
# -83.5862 -49.9045 22.8665 255 248 220 
# 50.3335 -31.7026 80.3834 255 248 220 
# 87.3484 -12.6688 -47.0081 255 248 220 
# 68.6318 64.1257 34.3159 255 248 220 
# 56.5951 -7.6986 82.0837 255 248 220 
# 79.3176 -1.13659 60.8886 255 248 220 
# 39.9982 21.8839 -89.0013 255 248 220 
# -34.8095 90.5269 -24.3555 255 248 220 
# -25.7861 -93.5469 24.1672 255 248 220 
# -25.527 -87.0834 -42.0101 255 248 220 
# -30.8749 -90.8682 28.1017 255 248 220 
# 30.4481 -46.3418 83.2187 255 248 220 
# -41.7189 -89.3712 16.5022 255 248 220 
# -50.0588 -84.4072 19.2234 255 248 220 
# -15.7733 57.7531 -80.0986 255 248 220 
# -52.2123 -61.1105 59.4927 255 248 220 
# 15.8834 94.1999 -29.5652 255 248 220 
# -48.7873 -66.5592 -56.4771 255 248 220 
# 72.7992 -52.4679 -44.1293 255 248 220 
# 52.0297 -57.5583 63.0869 255 248 220 
# 96.2834 -15.058 -22.4222 255 248 220 
# -68.4045 -10.9521 -72.1171 255 248 220 
# 0.371745 0 99.9993 255 248 220 
# 50.3365 -82.1063 26.9218 255 248 220 
# -65.0001 -33.9853 67.9705 255 248 220 
# 44.9907 4.63139 -89.1874 255 248 220 
# -0.572643 97.063 -24.051 255 248 220 
# 16.5214 -7.18986 98.3634 255 248 220 
# 59.3666 -73.9696 -31.6876 255 248 220 
# 52.8179 67.2228 -51.8784 255 248 220 
# 68.3315 62.6372 37.5153 255 248 220 
# -43.4123 -82.0263 -37.2432 255 248 220 
# 71.3026 -67.5333 18.8465 255 248 220 
# 57.1318 -73.8646 35.7767 255 248 220 
# 25.128 90.8474 33.3966 255 248 220 
# 86.9185 -13.724 -47.5061 255 248 220 
# -64.8265 -68.7345 32.7581 255 248 220 
# 36.8338 -88.9053 -27.1868 255 248 220 
# 33.8543 50.6989 79.2686 255 248 220 
# -89.3143 -44.3653 7.39421 255 248 220 
# 2.62581 96.7508 25.1471 255 248 220 
# 75.7428 -45.0081 -47.3002 255 248 220 
# -65.6567 12.443 -74.3933 255 248 220 
# 46.1124 -83.6259 29.6707 255 248 220 
# -29.1414 -69.3365 -65.9032 255 248 220 
# -52.881 -56.6013 -63.2447 255 248 220 
# 66.8412 15.4745 72.7516 255 248 220 
# 64.4409 -76.1672 6.77759 255 248 220 
# -61.4743 -66.3171 42.696 255 248 220 
# 51.7956 53.9344 -66.3951 255 248 220 
# 72.2388 -39.9377 56.4494 255 248 220 
# 29.2399 47.921 -82.7563 255 248 220 
# -42.7314 -40.1621 -81.0003 255 248 220 
# -63.5561 61.8654 -46.1877 255 248 220 
# 82.8401 -20.8029 -52.0072 255 248 220 
# -9.39615 -17.3087 98.0414 255 248 220 
# -76.6114 63.9745 -6.16051 255 248 220 
# -18.0331 -69.8206 -69.2812 255 248 220 
# -9.18577 67.1968 -73.4861 255 248 220 
# 12.894 -58.1752 -80.3081 255 248 220 
# -14.5999 -57.7243 -80.3414 255 248 220 
# 32.5208 -17.7908 92.8756 255 248 220 
# 64.3751 24.1988 72.5965 255 248 220 
# -99.9696 -2.45461 -0.223146 255 248 220 
# -58.7883 -76.2266 -27.0822 255 248 220 
# -59.4125 57.1512 56.603 255 248 220 
# -4.23317 78.1372 -62.2628 255 248 220 
# -12.7268 67.6228 72.5616 255 248 220 
# -75.9393 -64.9516 -3.81026 255 248 220 
